923454451182
923085874811
923451446076
923467544513
923153387774
923334040766
923409380436
923106052035
923477228860
923457070143
923444297871
923458060358
923417411940
923043542180
923262422062
923044004092
923005044267
923004716452
923003521354
923271860239
923138211239
923053131998
923281344239
923005467275
923447435246
923083947053
923405459974
923452510270
923468445270
923061865270
923417224974
923447424271
923434118071
923080684238
923457047185
923011226427
923186656270
923049726522
923000629703
923075003580
923199254282
923478205853
923156527727
923280616500
923246687066
923213021255
923217205274
923327044601
923285822746
923487097145
923421848441
923407056984
923069584570
923458076183
923156528486
923456328036
923457219234
923177188193
923427408534
923087033345
923433545223
923412126235
923429567161
923422584940
923459573913
923440656274
923457870831
923468696274
923404027386
923263106238
923421765237
923437414377
923454254409
923015894313
923016379613
923186580197
923213398238
923261553237
923414245653
923197245034
923154756239
923181464237
923005617238
923195637167
923085426959
923271366238
923125390235
923061584238
923478139258
923275114540
923453496233
923403639234
923088745982
923032326047
923451336233
923486527871
923197245109
923262666233
923454890238
923454792235
923143695075
923213857429
923037196992
923143214237
923412182364
923281160238
923291219237
923062257238
923043376477
923213049238
923183519481
923193594177
923270040887
923447529702
923070216238
923298299151
923450218274
923024719874
923144144179
923227046744
923090589274
923024999573
923026378674
923472642847
923096679440
923027237274
923009830698
923111684239
923410473560
923146088237
923074520450
923056701718
923072252649
923332892139
923170646978
923011811237
923121390235
923116141187
923467558118
923197524235
923183385370
923277473089
923021422239
923121222356
923295468750
923281865239
923212059239
923186118852
923012585590
923007475237
923065530918
923138914237
923260837208
923166212117
923194824234
923260316239
923166804934
923011381185
923045260239
923212875237
923138543987
923059530162
923130645300
923176453693
923452686866
923049824557
923263961237
923024368237
923198540237
923427345170
923290585205
923166788345
923176068337
923103256047
923006713060
923137116036
923003636404
923411042185
923404062559
923087257880
923023511204
923061374037
923017247683
923184700273
923114836239
923254873186
923485789540
923427828436
923094267260
923458789260
923443328509
923451899386
923175966867
923091982037
923271465899
923193464236
923195934639
923184890239
923175736239
923193759105
923270668236
923176453639
923176544235
923177403064
923136525833
923451361420
923106619234
923201603904
923487482187
923005645281
923291928766
923417452234
923423845272
923437043406
923181492395
