3110309419773    
3110307129405    
3110372013437    
3110311242683    
3410479776883    
3110311421785    
3110482363309    
3110217898552    
3110373600166    
3110387809243    
3110357997519    
3110392554581    
3110357673617    
3110311138967    
3110408768927    
3110461456019    
3110306376647    
3110336567231    
3110311478183    
3110463786067    
3110461638327    
3110348837827    
3110322954124    
3110336031229    
3110347311723    
3110331805031    
3110349739793    
3110342937841    
3110311545729    
3110325594379    
3110329808449    
3110363876025    
3110372560039    
3110328460947    
3110383314317    
3110364422825    
3110311139789    
3110374388623    
3110347834792    
3110343649105    
3110350754321    
3110311479831    
3110383673363    
3110311199805    
3110321751763    
3110346046547    
3110311583997    
3110371186002    
3110353882043    
3110311572813    
3110319678715    
3110351581355    
3110311583505    
3110333182413    
3110323116215    
3110327928635    
3110334800509    
3110386399817    
3110360110521    
3110315141721    
3110381337795    
3110379755059    
3110326173907    
3110365769241    
3110391728747    
3110327706317    
3110375803701    
3110327415955    
3110302152543    
3110354904443    
3110339675195    
3110370561021    
3110377686053    
3110324843291    
3110307073643    
3110361589769    
3110395445090    
3110304180285    
3110315647721    
3110311594521    
3110333709723    
3110394278561    
3110327740701    
3110387925011    
3110314789061    
3110303789478    
3110357375915    
3110358209923    
3110342004383    
3110347015793    
3130279014995    
3110325507904    
3110342694745    
3110343819382    
3110323994057    
3110378507865    
3110417887097    
3110345929421    
3110311400129    
3110318443221    
3110328403919    
3110363249939    
3110361209553    
3110321921945    
3110337827777    
3110365727191    
3110387249450    
3110326553927    
3110302457995    
3110378869767    
3110311307873    
3110397949711    
3110318677836    
3110308176211    
3110311492453    
3110384018195    
3120593920697    
3110383264225    
3110398428225    
3110351762773    
3110331082878    
3110317396607    
3110360430430    
3110309437728    
3110179390453    
3110311478627    
3110369371627    
3110311140775    
3310420801484    
3110340961299    
3110388716097    
3110384061427    
3110327216003    
3110393099003    
3110331740671    
3110311592915    
3110373445503    
3110396190403    
3110417028177    
3110398543015    
3110380803651    
3110367938765    
3110382196009    
3110304457019    
3110461556203    
3110391333875    
3110388909595    
3110305251101    
3110393839525    
3110382644241    
3110311591985    
3110397444053    
3110372600521    
3110336461277    
3110417085519    
3110310820909    
3110311216245    
3110372658823    
3110325676297    
3110359396507    
3110301452601    
3110322121811    
3110205830227    
3110353154773    
3110518761005    
3110315470967    
3110386736061    
3110451482557    
3110306391795    
4240181993905    
3110325950621    
3110311260159    
3110392197653    
3110393988423    
3110329843515    
3110304491181    
3110372519527    
3110332251917    
3110404216869    
3110394188691    
3110365977081    
3110396772957    
3110315790151    
3110307417031    
3110376698203    
3110319838495    
3110358476957    
3110366858113    
3120590794793    
3110361977393    
3110352105097    
3110457671579    
3110362665931    
3660314647439    
3110354618262    
3110392241157    
3110371219263    
3110303605435    
3110387211385    
3110311504467    
3110386775921    
3110281905307    
3660314647479    
3110333870181    
3110306791851    
3110398452313    
3110374478825    
3110301535263    
3110358810855    
3110310229255    
3110329510795    
3110333106929    
3110316334645    
3110264103997    
3110345202483    
3110375640063    
3110311492727    
3110362635719    
3110311479459    
3110309344843    
3110319503175    
3110393918193    
3110460205001    
3110371478951    
3110461942461    
3110319287379    
3110369524055    
3110383420707    
3110355971783    
3110379564919    
3110343990451    
3110353115479    
3110380570945    
3110344927793    
3110382142649    
3110393422825    
3110372556311    
3110385374019    
3110315298661    
3110311249095    
3110397442375    
3110392363789    
3110370417267    
3110376055917    
3110331702168    
3110311274699    
3120504316871    
3110371578107    
3110311545931    
3110311431771    
3110368540485    
3110393803403    
3110340331609    
3110372324199    
3110352269901    
3110311572897    
3110368583691    
3110395041181    
3110311450033    
3110374618490    
3110372601819    
3630204630959    
3110376741913    
3110396109969    
3110386948963    
3110306562579    
3110311562857    
3110394440055    
3310039382767    
3110327299891    
3110311608819    
3110382449999    
3110335453715    
3110307096173    
3110364076933    
3110364776443    
3110311595217    
3110311595195    
3110372657619    
3110343625929    
3110355369441    
3110310136069    
3110390603041    
3110368959325    
3110395279119    
3110352905657    
3110378014285    
3110258655571    
3110220657431    
3110369616303    
3650297787175    
3110311545829    
3110356926695    
3110390248961    
3110302825363    
3110389053559    
3110349003649    
3110339577957    
3130335988116    
3130334861877    
3110303429899    
3110487505323    
3110364990825    
3110396013589    
3110323875701    
3110336130887    
3110322192095    
3110311140815    
3110331823985    
3110316421579    
3110357543089    
3110353515107    
3110308611129    
3110461641074    
3110382501697    
3110306542541    
3110358883667    
3110384915305    
3110376132423    
3110321892379    
3110311621153    
3110390905767    
3110342594223    
3110327944347    
3310094227921    
3110370801475    
3110345327743    
3110311103883    
3110349803961    
3110258510837    
3110337546993    
3110346403885    
3110336861077    
3110435892284    
3110385517927    
3110325904743    
3110311593491    
3110417125793    
3110342396637    
3110391445811    
3110311307751    
3110406754930    
3110322351359    
3110336795418    
3110374036317    
3110342929346    
3110474824973    
3110452273293    
3110303860971    
3110306591387    
3110352126208    
3110385020059    
3110311572755    
3110361462140    
3110352946863    
3110404185847    
3110481691453    
3110465913343    
3110442560079    
3110479597719    
3110494344709    
3110406047897    
3110405630195    
3110416545873    
3110418856055    
4220199572699    
3110154232749    
3110484598203    
3110417115959    
3110407206551    
3110418272255    
3110396112129    
3110316661579    
3110301831650    
3110347022719    
3110342334477    
3110388749289    
3110417023807    
3110450755749    
3110479204809    
3110493537069    
3110417115949    
3110401784571    
3110477730127    
3110480803273    
3110420792847    
3110469742851    
3110483867347    
3110481425953    
3110490059207    
3110405905843    
3110320038565    
3110330386685    
3110311115835    
3110375786077    
3110383879995    
3110344624587    
3110395947855    
3110355964749    
3110492817889    
3110385976601    
3110393564685    
3110310825595    
3110325756425    
3110349029169    
3110308504979    
3110355479039    
3110333076688    
3110343714506    
3110354149157    
3110311289237    
3110311307661    
3520180688531    
3110387006100    
3110492170764    
3110366186869    
3110349510783    
3110380503797    
3110311302717    
3110333411139    
3110389688163    
3110356918251    
3110463834523    
3110372239473    
3110311402393    
3110356550465    
3110336812673    
3110335228829    
3110387863315    
3110311570945    
3110334952165    
3110341365101    
3110280879239    
3110311103857    
3110327009953    
3110361720177    
3110353860489    
3110368019175    
3520109462321    
3110389444696    
3110385294577    
3110363711183    
3110309651612    
3110381550583    
3110462769513    
3110333754559    
3110367769882    
3110121241813    
3110364625323    
3110321723007    
3110330433374    
3110355582465    
3110337315975    
3110311591711    
3110169805577    
3110438381661    
3110353193425    
3110373015725    
3110373974419    
3110435078837    
3110385193351    
3110369830042    
3110375210053    
3110355618067    
3110335586031    
3110173623521    
3110303289201    
3110342536373    
3110347394999    
3110399133655    
3110396929873    
3110307855431    
3110366961801    
3110307533183    
3110342934242    
3110335947320    
3110313627763    
3110370925347    
3110369066413    
3110378863331    
3110341032281    
3110366856989    
3110392934198    
3110372313989    
3110302019787    
3110375181061    
3110311177619    
3110379199095    
3520160962905    
3110348234429    
3110311402071    
3110321350829    
3110396128542    
3110311487877    
3110336154393    
3110321429147    
3110301292045    
3110368150147    
3110371227299    
3110352642893    
3110396826557    
3110323610833    
3110328980303    
3110307557001    
3110394021835    
3120202395147    
3110322204877    
3110484570815    
3110361173347    
3110356096561    
3110363688379    
3520160671800    
3110334767767    
3110369831161    
3110377879377    
3110371218749    
3110315427660    
3110367953217    
3110360724633    
3110311400081    
3110304341282    
3110373340235    
3110387042784    
3110493289671    
3110303680467    
3110337861721    
3110393288295    
3110407391743    
3110318306283    
3530159309071    
3110307252785    
3110382601959    
3110389833381    
3110393364721    
3110376887873    
3110392440503    
3110348034538    
3110334556299    
3110348929615    
3110352870409    
3110321443043    
3110301342837    
3110277049609    
3110364530305    
3110350965493    
3110311295275    
3110290996663    
3110362467389    
3110382616901    
3110383970713    
3110332199623    
3110330385559    
3110388937963    
3110348435809    
3110367186428    
3110447278347    
3110395424161    
3110447541473    
3110428330297    
3110485769017    
3110398151601    
3110390345565    
3110362020397    
3110397060969    
3110487918057    
3110358359363    
3110311593193    
3110389759438    
3110417084835    
3110342582305    
3120203159937    
3110368075995    
3110381146696    
3110360852697    
3110304121591    
3110338627359    
3110311206523    
3110371520759    
3110398633447    
3110363108067    
3220369844347    
3220349803775    
3220319608797    
3220301323839    
3220377210711    
3220348429157    
3220399337848    
3220370742018    
3220320697107    
3220316522065    
3220319677765    
3220387421571    
3220354613885    
3220319819083    
3220332496737    
3220396664697    
3220382546821    
3220381595871    
3220320865121    
3220319819247    
3220394955111    
3220397386249    
3220380315857    
3220305013759    
3220362703043    
3220325918115    
3220352879924    
3220306171779    
3220315158123    
3220320532443    
3220397582715    
3220323274539    
3220397951314    
3220332001735    
3220386671505    
3220319609543    
3220390622927    
3220325104805    
3220318547467    
3220369350704    
3220398590066    
3220358510013    
3220345525653    
3630355834393    
3220352025085    
3220320575569    
3220331000433    
3220320519491    
3220396437291    
3220320866579    
3220369564351    
3220374580647    
3220317724115    
3220320684475    
3220312081261    
3220339506387    
3220358220319    
3220320933027    
3220388327491    
3220355807975    
3220316654893    
3220394829115    
3220368048937    
3220372380489    
3220312697698    
3220328997083    
3220365806695    
3220332660281    
3220320161841    
3220359874423    
3220349273449    
3220395215779    
3220353622849    
3220355341343    
6110199994539    
3220349219697    
3220358081311    
3220372834897    
3220325555921    
3220387929739    
3220340718715    
3220389680319    
3220349888437    
3220373116667    
3220335348601    
3220309487801    
3220368621307    
3220338292401    
3220320589337    
3220304543561    
3220367446663    
3220341551763    
3220321727135    
3220344693169    
3540489666797    
3220320777853    
3220319844940    
3220363688499    
3220383485431    
3220373059791    
3220317765923    
3220395691087    
3220346805189    
3220331365699    
3220372060247    
3220345637127    
3220384890265    
3220346218093    
3220306223914    
3220351158245    
3220320394047    
3220358076023    
3220320912787    
3220319653983    
3220319653745    
3220380315939    
3220320806225    
3220374107677    
3220320532771    
3220393469417    
3220320867305    
3220381816897    
3220381242569    
3220325489833    
3220356526007    
3220306389559    
3220354662983    
3220352767021    
3220349520317    
3230318236547    
3210307713397    
3220355390843    
3220382988881    
3220396632499    
3220396361689    
3220324520245    
3220311454795    
3220381669693    
3220369552225    
3610393326851    
3220320516399    
3220320394489    
3220376409227    
3220317402029    
3220319126780    
3220396524747    
3220394155565    
3220357299755    
3220303359313    
3230338768467    
3220316492387    
3220320164425    
3220373753151    
3220387154617    
3220323366461    
3220352149527    
3220356734355    
3220333880029    
3220398761471    
3220341467391    
3230354016097    
3220335885933    
3220349512749    
3220339575441    
3220372907387    
3220369898251    
3220323784637    
3220320784283    
3220357594559    
3220345748413    
3220369356001    
3220376058361    
3220359714985    
3220373801819    
3220309292792    
3220389516629    
3220326577745    
3220384463585    
3220319281838    
3220382384017    
3220311878269    
3230398809967    
3220320555555    
3220349952343    
3220382766643    
3220328994891    
3220301099079    
3220320499141    
3220320783299    
3220354649397    
3220311580425    
3220366076859    
3220377984983    
3220320142376    
3220363312165    
3310463077001    
3220314872919    
3220381785401    
3220369339383    
3220359230939    
3220350215129    
3220366455747    
3220329497793    
3220372818439    
3220349216347    
3220364078045    
3220333510645    
3220389103767    
3220370224545    
3220357284715    
3220320499149    
3220320807105    
3220329180997    
3220354128681    
3220354944405    
3220343892789    
3220309342701    
3220318234747    
3220320037615    
3230310886237    
3630308972115    
3220361660109    
3220367648297    
3220355209641    
3220368171605    
3220377493743    
3230315685515    
3220383085645    
3220363568913    
3220364558839    
3220359379161    
3220346862281    
3220320904279    
3220377358647    
3220320805987    
3220339966807    
3220384465395    
3220342125965    
3220320665889    
3220311126941    
3220320268373    
3220395104229    
3220318070429    
3220323269249    
3220381051281    
3220361132573    
3220392846637    
3220309749505    
3220325400541    
3220319809291    
3220376151591    
3220389225509    
3220324213865    
3220313504761    
3220361301409    
3220384700765    
3220368330485    
3220356035332    
3220320752835    
3220366572677    
3220334949981    
3220364859063    
3220363002677    
3220376445433    
3220353452825    
3220364290941    
3220352243529    
3220304990859    
3220307678693    
3220390204373    
3220324166791    
3220321162169    
3220372118029    
3220372149003    
3220363848597    
3220389471059    
3220353049453    
3220320641979    
3230378542447    
3220398725367    
3220357073181    
3220320808539    
3230352575841    
3220320783331    
3220320557985    
3220341378319    
3220396639039    
3220318589349    
3220316256867    
3220312558117    
3220386060221    
3220332766817    
3220356246109    
3220361474537    
3220320641999    
3220313713441    
3220376652971    
3220319787667    
3220374150209    
3220327820235    
3220391526573    
3220320933457    
3220329681065    
3220394141715    
3220320865187    
3220345656350    
3220356970853    
3220392342707    
3220340462493    
3220319871380    
3220331811204    
3220388328757    
3220320933523    
3220395258193    
3220319576935    
3220320289063    
3220395716353    
3220338914655    
3220392368469    
3220366120581    
3220320847847    
3220320586831    
3220350674299    
3220350077739    
3220308799577    
3220358836249    
3220380530549    
3220311284829    
3810408414905    
3220383613727    
3220320413601    
3220342263375    
3220328431963    
3220307628911    
3220320268483    
3220371025867    
3220333152183    
3220350118539    
3220355159579    
3220394127445    
3220398374423    
3220359902693    
3220304459467    
3220317480021    
3220368316497    
3220395895551    
3220326729359    
3220309349595    
3220373292401    
3220397986761    
3630396322221    
3630390556527    
3220313114075    
3220334259665    
3220320671963    
3220318862691    
3220394299157    
3220332975181    
3220382112709    
3130196542831    
3220367327853    
3220349101305    
3220346180699    
3220303845515    
3220393186657    
3220336747837    
3220356708991    
3220384429587    
3220320933589    
3220309211035    
3220342501763    
3220377439735    
3230376198189    
3230368200439    
3220319698868    
3220321834227    
3220397057435    
3220376324349    
3220309634283    
3220320515933    
3220347116578    
3220349428289    
3220328556133    
3220395079671    
3220322136023    
3220333644557    
3220399195255    
3220393834195    
3220353365005    
3220358445421    
3740552023333    
3220365867595    
3220343479267    
3230355562999    
3220351659779    
3220365844039    
3220362246227    
3220325341727    
3220396046247    
3220320812299    
3220366690679    
3220331267376    
3220347308025    
3220336798551    
3220303272371    
3220380565515    
3220329876087    
3220335241701    
3220305576863    
3220388497665    
3220340804813    
3220349169519    
3220364394991    
3220354575407    
3220322462429    
3220328314585    
3220372794219    
3220362208417    
3220351930243    
3220346608243    
3220302118641    
3220320806123    
3220399967268    
3220324929045    
3220335860737    
3220359805853    
3220331242173    
3220365434577    
3220303289437    
3220315605335    
3220345037523    
3220317368250    
3220390611735    
3220338328549    
3220336271169    
3220326667421    
3220302799279    
3220385599819    
3220357013927    
3220373649219    
3220377339723    
3220341104641    
3220368010577    
3220371414801    
3220384877065    
3220349344745    
3220389720363    
3220376230687    
3220306386803    
3220301855089    
3220327296023    
3220317444377    
3220358547049    
3220378666363    
3220357985469    
3220337498341    
3220364366965    
3220349161773    
3220306934259    
3220320806439    
3220358860589    
3220361978041    
3220397987591    
3220320721367    
3220375506817    
3220320721343    
3220321921187    
3220311908541    
3220382563751    
3220370005603    
3220341452937    
3220398764119    
3220312110891    
3220320164481    
3220374374825    
3220320806085    
3220376471003    
3220394739031    
3220356575689    
3220310446785    
3220320933487    
3220365283523    
3220313771295    
3220362044693    
3220322813513    
3220320282331    
3220370458859    
3220326366627    
3220336909689    
3220379557633    
3220304420907    
3220344641117    
3220331063361    
3220385146597    
3220362600569    
3220373260241    
3220327507615    
3220379083737    
3220372504439    
3220368814597    
3220337239259    
3220396227299    
3220333516877    
3220323433329    
3220392512681    
3220360519805    
3220337378003    
3220396322299    
3220329137693    
3220366919105    
3220348625373    
3220314966503    
3220324828643    
3220330910055    
3220344057301    
3220351840767    
3220376924399    
3220328792425    
3220319377517    
3220398418213    
3220350951971    
3220320907473    
3220366890125    
3220398727597    
3220309020263    
3220356589473    
3220391288427    
3220353998859    
3220383741157    
3220342747717    
3220396561195    
3220376699819    
3220357424587    
3220323190547    
3220395572873    
3220323262573    
3220320161863    
3220371792762    
3220392564777    
3220323081239    
3220398507399    
3220320527019    
3220363037555    
3220345305595    
3220391520759    
3220394324553    
3220320219991    
3610249394047    
3330173296456    
3220319787195    
3220319819175    
3220326948931    
3220338685535    
3220355391109    
3220352758659    
3220342687403    
3220320158081    
3220319836861    
3220320637311    
3220376469915    
3630308996571    
3220319290879    
3220347224125    
3220375815695    
3220333689609    
3220347479895    
3220320526737    
3220392720429    
3220347823017    
3220311568737    
3220357339087    
3220336018057    
3220333096193    
3220330176235    
3220316418515    
3220349485059    
3220316826811    
3220388947945    
3220338431347    
3220386748248    
3220393001337    
3220319818743    
3220322762563    
3220315680377    
3220348776393    
3220319804105    
3220336214453    
3220319809329    
3220395630949    
3220309401679    
3220321169533    
3220352764647    
3220320800785    
3220350040807    
3220333635075    
3220358700679    
3220389607635    
3220352767325    
3220367646969    
3220354670407    
3220351755773    
3220313709661    
3220307113725    
3220326024175    
3220319886715    
3220325545295    
3220384838181    
3220399736521    
3220320527255    
3220339202137    
3220396084631    
3220320352909    
3220317219711    
3220317506731    
3220373919729    
3220320749515    
3220357970459    
3220382890281    
3220372513581    
3220357631613    
3110206532785    
3220320370087    
3220375617333    
3220319756403    
3220320806897    
3220329204783    
3220342002041    
3220350707709    
3220381433681    
4250191743717    
3220344024105    
3220353331553    
3220344378769    
3220326447401    
3220318401549    
3220302594317    
3220319874395    
3220398356347    
3220369233939    
3220382948359    
3220336480451    
3220320806835    
3220320501347    
3220374514599    
3220388135597    
3220338412705    
3220320745477    
3220375573057    
3220365474841    
3220369197431    
3220319309259    
3220397269706    
3220345263917    
3220342685363    
3220371947887    
3220315035465    
3220301637263    
3220335275347    
3220321578611    
3220303327609    
3220346584775    
3220368292325    
3220320772385    
3220349751851    
3220320354607    
3220320959731    
3220385220717    
3220320031261    
3220351420561    
3220324564637    
3220348050727    
3630359898375    
3220339658895    
3220339667097    
3220327933817    
3220372265089    
4250175417549    
3220326793503    
3220345586059    
3220351549307    
3220357132077    
3220341339929    
3220337389287    
3220369296169    
3220318369735    
3220352035343    
3220361378814    
3220348922879    
3220387678443    
3220319678095    
3220370982800    
3220370173085    
3220378937606    
3220323271283    
3220319953589    
3220302075806    
3220350303817    
3220387760237    
3220372931509    
3220330644193    
3220390467085    
3220371077733    
3220399925785    
3220355126257    
3220305470003    
3220329048053    
3220352747671    
3220330663247    
3220381634807    
3220374715785    
3630309832923    
3220394745563    
3220331040439    
3220341544627    
3220355374573    
3220386342971    
3220320933177    
3220320242587    
3220366452543    
3220303931569    
3220365939747    
3210254631477    
3220396497037    
3220376183465    
3220381956047    
3220320555681    
3220393396553    
3220387013675    
3220321263035    
3220376018023    
3220314293623    
3220375820331    
3220363511251    
3220319740863    
3220360997791    
3220363389203    
3220363653301    
3220320117819    
3220359400205    
3220386441761    
3220328999587    
3220320555737    
3220356015001    
3220320296355    
3220320341157    
3220387497357    
3220311709135    
3220354760103    
3220319648995    
3220396754677    
3220306831391    
3220355020727    
3220376831367    
3220320532907    
3230307477627    
3220335225599    
3220305617693    
3220394574017    
3220314870781    
3220335126101    
3220302955461    
3220307782051    
3220384712717    
3220384584493    
3220330654635    
3220320554785    
3220372774133    
3220398512263    
3220388882349    
3220315226707    
3220307065369    
3220320310465    
3220397154563    
3220374127605    
3220356991421    
3220352958671    
3220319182709    
3220363578849    
3220365278595    
3220383715019    
3220315667959    
3220328123193    
3220363185375    
3220320556173    
3220358063283    
3220337301975    
3220315120766    
3230369986917    
3220345461123    
3220330512281    
3220348083879    
3220335786193    
3220333214429    
3220351603597    
3220372075099    
3220302129835    
3220327088461    
3220342173515    
3220323449649    
3220348892465    
3220321560905    
3220320305059    
3220394186593    
3220338671871    
3220356743667    
3220390168989    
3220360195547    
3220305746881    
3220390698717    
3220301799177    
3220311665929    
3220311861201    
3220319648993    
3220353534841    
3220320526539    
3220375325447    
3220398459753    
3220356030711    
3220387520181    
3220355025951    
3220398883213    
3220355036137    
3220360456681    
3220317852827    
3220368092955    
3220320772121    
3220381022425    
3220320277541    
3220390812465    
3220370567879    
3220389636157    
3220316703112    
3220318159969    
3220321002883    
3220336806691    
3220320140043    
3220378002545    
3220319848137    
3220359112495    
3220321196543    
3220376434601    
3220368589379    
3220327517819    
3220395005305    
3220319680045    
3220320493873    
3220304824659    
3220366823747    
3220339171891    
3220365313131    
3220301955596    
3220308645607    
3220361039961    
3220374643163    
3220320516781    
3220346707515    
3220382026317    
5150378447063    
3220364459093    
3220384723865    
3220365505043    
3220383994191    
3220363612860    
3220363745437    
3220376464391    
3220305112897    
3310477597601    
3230395612947    
3220371559429    
3220306643755    
3220398661539    
3220319437831    
3220323701935    
3220320715437    
3220332371705    
3220364406201    
3220325879429    
3220358699965    
3220360929881    
3220348738476    
3220348911967    
3220311962899    
3320374843023    
3320406046703    
3320383274357    
3220317397487    
3220311038209    
3220368153490    
3220374823261    
3220375406507    
3220377801497    
3220383732509    
3220355569623    
3220397114415    
3220341916725    
3220303977079    
3220324278001    
3220376053767    
3220385050795    
3220379057421    
3220354347309    
3220371279195    
3220379295395    
3220362881433    
3220389851727    
3220363365249    
3220319608723    
3220319785387    
3220325950137    
3220319785375    
3220321327925    
3220385324949    
3220379675349    
3210340113965    
3220325677385    
3220337368031    
3220399959313    
3220320924493    
3220357938487    
3220320777109    
3220389281903    
3220395273495    
3220320933497    
3220334008243    
3220353453487    
3220308913067    
3220373478619    
3220309974235    
3220321348613    
3220371039857    
3220323000343    
3220369385423    
3220320504849    
3220313291453    
3220320047563    
3220326108821    
3220372552567    
3220225638475    
3220361022583    
3220397427197    
3220322505321    
3220349635999    
3220387074733    
3220376685385    
3220318126969    
3220311385833    
3220353766921    
3220318328791    
3220320319869    
3220380884457    
3220392377359    
3220317191751    
3220335558737    
3220344277791    
3220322703791    
3220397380934    
3220369511890    
3230399255951    
3220375808975    
3220319787433    
3220320555229    
3220346311815    
3220327997371    
3220397714313    
3220320383191    
3220361444103    
3220372565507    
3220356232245    
3220340019287    
3110205919408    
3220394567185    
3220350286763    
3220359910215    
3220263649687    
3220295734869    
3220386446235    
3220389787273    
3220319728287    
3220320310077    
3220320691831    
3220319680035    
3220343986893    
3220314946527    
3220391371703    
3220321206071    
3220387361559    
3220353875369    
3230376030655    
3220319905978    
3220346043729    
3230307631055    
3220367700405    
3220319699329    
3220371402249    
3220379152421    
3220313674216    
3220355586385    
3220308622653    
3220339258206    
3220304732085    
3220343686541    
3220301163456    
3220371080258    
3220366030131    
3220379349769    
3220302310583    
3220399329285    
3220310698284    
3220324619337    
3220329077805    
3220322195621    
3220398096013    
3220320555527    
3220363694453    
3220382284713    
3220331751803    
3220330326535    
3220301172965    
3220343560630    
3220320718073    
3220320068542    
3220320171001    
3220351483012    
3220325995947    
3220352052097    
3220399587563    
3220384877229    
3220320586923    
3220376565219    
3220376838965    
3220351451623    
3220320172041    
3220315112893    
3220323408635    
3220370838437    
3220373077233    
3220320256977    
3220351939831    
3230307246301    
3220339653321    
3220330899117    
3220390301727    
3220353754403    
3220392607267    
3220329881739    
3220391755685    
3220315282433    
3220375328987    
3220319910846    
3220325402037    
3220334629653    
3220319728409    
3220359718735    
3220369872826    
3220318757499    
3220301575527    
3220310451013    
3220378719725    
3220325059173    
3220376470243    
3220353680309    
3220371134149    
3220385246657    
3220301961681    
3220364189261    
3220309169765    
3220397937467    
3220320904419    
3220334282337    
3220302880107    
3220342686453    
3220343293596    
3220351859135    
3220380380995    
3220375222315    
3220350916179    
3220333617063    
3220396345895    
3220319787643    
3220365042129    
3220392340355    
3220319528116    
3220372100211    
3220397244642    
3220335415333    
3220319871308    
3220377137545    
3220370417194    
3220346331096    
3220316931229    
3220398125029    
3220330788438    
3220320786389    
3220378721894    
3220314943966    
3220371274594    
3220320874243    
3220383218297    
3220347216019    
3220341389355    
3220332339569    
3220395644594    
3220367733813    
3220324428423    
3220377467631    
3220365971197    
3220375638643    
3220319977478    
3220354236542    
3220351706191    
3220380929079    
3220338122618    
3220374373133    
3220323162015    
3220371963665    
3220320285919    
3220363717313    
3220384000741    
3220350423879    
3220368512888    
3220369410168    
3220320527299    
3220320464999    
3220306510369    
3220341349413    
3220320493871    
3220350981311    
3220320943523    
3220309736865    
3220340702047    
3220320555405    
3220378807086    
3220345830569    
3220379649861    
3220322360689    
3220348472590    
3220339706553    
3220207046527    
3220345164812    
3220332675814    
3220351753649    
3220353942425    
3120586070958    
3220359910212    
1420213559261    
3740555365908    
3740543621833    
3740530394265    
3740583993901    
3740546762327    
3740509404121    
3740506642009    
3740555747601    
3740596854001    
8210230548425    
3740521722747    
3740505941421    
3740580079056    
3740510076700    
3740505266227    
3720363029497    
3740592733343    
3740551708085    
3740503488538    
8130207977200    
1620126883147    
3740537861620    
3740598882275    
2110336656547    
3740590060481    
3740582266864    
3740503328152    
3740579475342    
3740554349786    
3740583506501    
3740536954059    
3740502389119    
3740506695625    
3740532465865    
3740562374349    
3740576597947    
3740561346589    
3740502818990    
3740505783362    
3740504830561    
3740548676967    
3740595324439    
3740535109588    
1310194945628    
3740506179459    
3740504941709    
3740576977921    
3740556426930    
3740505047438    
3740583941273    
3740521188761    
3820162658599    
3740561562267    
3740589320045    
3740556421633    
3740543889484    
3330376098690    
4220199760641    
3740583460011    
3740563916343    
3740506616809    
3740505675245    
3740508401832    
3740592311459    
3740502789762    
3740642467574    
3740561188271    
3740573246900    
3740544159499    
3740505313697    
3740578982727    
3740526827267    
3740504007891    
3740575975271    
3740559664545    
3740505800189    
3740544122439    
3740596130257    
3740524405080    
1310138101671    
1310128633612    
3740582972230    
3740507232491    
3740505603615    
2110397548509    
3740512250877    
3740559698011    
3740597507299    
3840377547669    
3840306895967    
3740533222829    
3740505981533    
3740524308619    
3740507635355    
3740546746219    
3740581239513    
3740582558249    
3740508693741    
3740589426641    
3740504802943    
3740527150445    
3740562816109    
3740551630679    
3740541605621    
3740545590391    
6110179387725    
3740514176041    
3740501166440    
3740505987113    
3740529784362    
8120168047253    
3740513555665    
1330273045674    
3740511961087    
3740514728100    
3740595837139    
3740535286849    
3740504221388    
3740567148152    
3740573757784    
3740571201365    
3740561551481    
3740576536359    
3740557915111    
3740576311050    
3740501592131    
1610179496763    
3740164395530    
3740552258087    
3740541931231    
3740576628605    
3740505969800    
3740510542831    
3740529402755    
3740507905379    
3740554568624    
3740580483499    
3740552675237    
3740502219874    
3740527711745    
3740583516228    
3740583903751    
3740555670091    
3740583661615    
3740518780497    
3740508586419    
3740559440913    
3740551657385    
3740597018805    
3710519947821    
3740552960083    
3740563210601    
3740543020436    
3740556652463    
3740506713793    
3740597561077    
3740502723989    
3740502810967    
3740503543778    
3740544272531    
3740546583304    
3740569950093    
3740523335437    
3740506004617    
3740537189654    
3740582686519    
3740572294109    
3740564383349    
3740568439027    
3740509233559    
3740509504749    
3740538122457    
3740502952901    
3740503468999    
3740580276999    
3740565200589    
6110167587597    
1310108691205    
4310224567049    
6110118425379    
3740571751385    
3740597827309    
3740527259509    
3740539558051    
3740541428147    
3740518245281    
3740596330941    
3740505312001    
3740582334297    
3740590830645    
3740588677293    
3740536046283    
3740571453955    
3740527925067    
3740569474840    
3830364330335    
3740585331787    
3740503584311    
3740522796917    
3740571792829    
3740504764091    
3740584522549    
3740511103819    
3740504914197    
3740560047981    
3740564885363    
3740548995673    
3740559771029    
3740534630261    
3740576363834    
3740536491731    
3740546514605    
3740502589103    
3740517289317    
3740502952903    
3740501888721    
1720169048103    
3740558572547    
3740502449424    
3740505111712    
3740545289945    
3740503265875    
3740548994118    
3740519203244    
3740504613997    
3740506076991    
3740504386059    
8220254800545    
1310163007901    
7120124743659    
7120102046609    
3740506503427    
3740504856183    
3740581814943    
3740506005459    
1350138122192    
3740550862952    
3740536620357    
3520237223325    
3740547608369    
3740567408162    
3740543288429    
3740527233580    
3740557440735    
3740510437177    
3740528286711    
3740595015755    
3740510627457    
3740556535295    
3740507132129    
3740503118831    
3740503580021    
3740581712493    
3740535328793    
3740505009379    
3740544259207    
3740507745127    
3740517167282    
3740584796567    
3740595680098    
7160203399451    
3740542256381    
3740505444417    
3740563640245    
3740520216302    
3740521913308    
3740505969228    
3740506321107    
3740376676843    
3740567924917    
1730128205797    
3740556325455    
1310108614235    
3740540395907    
3740561345484    
3740568929745    
3740546643020    
3740551143955    
8220334346173    
3740565347766    
7150102128171    
3740505824351    
3740582319815    
8220215017503    
3740506004782    
3740546340905    
3740548726663    
3710601976556    
9040601140397    
3740575675211    
3740593126215    
3740522990385    
3740598423195    
3740578662281    
3740502759957    
3740504399925    
3740505325449    
3740512232047    
8220252143319    
1310166368255    
6110118425341    
3740503343359    
3740550315355    
3740519878097    
3740560793443    
3740504240585    
3740504954257    
3740504601429    
3740505999983    
4120459589503    
1430110493227    
3740506458021    
3740503332523    
3740574424343    
3740502366611    
3740523083799    
3740504823169    
3740575968831    
3740544859592    
3740530667736    
3740534492676    
3740505444467    
3740505792397    
3740504371578    
8220271542295    
1710103072636    
3740597731471    
3740514082821    
3740506412943    
3740519409075    
1710268586950    
3840306134619    
3740504472033    
3740599423586    
3740570229913    
3740506252661    
3740530217533    
3740561663850    
1610102855222    
1310105905301    
3740525963717    
3740501032619    
3740580761709    
1310109576109    
3740542779937    
3740558091527    
3740545037433    
3740568673652    
3740532854547    
3740561855039    
3830211428834    
3830262614116    
3740505991489    
3740505967355    
3740579608549    
3740540764148    
3740549904401    
3740583154805    
3740505834324    
3740541110310    
3740538599279    
3740548488513    
3740573756632    
3740506328551    
3740535205589    
1430119052646    
3740522188870    
3740528389226    
1310184761970    
3740591243244    
3740526050741    
3740562817810    
3740510522677    
3740375466243    
3740503284159    
3740504904761    
1310192726811    
3710409861656    
3410134966747    
3410102166645    
3410127084225    
3410142835877    
3410158000020    
3410145862717    
3410142849441    
3410158072499    
3410125113335    
3410179599851    
3410174485851    
3410330527299    
3410112764131    
3410115104623    
3410110286341    
3410174081435    
3410185704624    
3410126879103    
3410151714053    
3410115688385    
3410179403230    
3410127884251    
3410180886005    
3410110004108    
3410160981845    
3410105055693    
3410266687477    
3410150421183    
3410186562175    
3410181082814    
3410194932747    
3410184392573    
3410124603976    
3410186060993    
3540493315175    
3120102894277    
3120132255881    
3410297824519    
3410150192649    
3410152998285    
3410159334033    
3410173398477    
3410199554729    
3410162180803    
3410107199007    
3410185716399    
3410105304957    
3410180762875    
3410180110805    
3410126140205    
3410184201633    
3410123318375    
3410389232635    
3410120982729    
3540504475041    
3410123948935    
3520292461343    
3410125456171    
3410126261849    
3410125183911    
3410113196603    
3410151448009    
3460108204935    
3410177136371    
3410114637481    
3410123323967    
3410125026186    
3410181845971    
3410161844381    
3460322792559    
3410147299647    
3410112475005    
3410157617927    
3410175081319    
3410115874505    
3540175281207    
3410104480011    
3410182325471    
3410127758953    
3410146512087    
3410186225775    
3410115993434    
3410118446685    
3410182471595    
3410124419188    
3410117900341    
3410124311795    
3410179363711    
3410162279186    
3410124526545    
3410124526551    
3410125057884    
3410114290669    
3460102903445    
3410146927293    
3540465191409    
3410132769522    
3410198796839    
3410114607348    
3410121979319    
3410124906059    
3410155834730    
3410194531809    
3410121836399    
3410191920799    
3410125336089    
3410192816195    
3430188735993    
3410165135153    
3410191869645    
3410143390373    
3410177973173    
3450183994280    
3840320029544    
3410175112863    
3410160028925    
3410193245587    
3410199372123    
3410148455969    
3410135039515    
3460134938057    
3410445616723    
3410110020218    
3410126899075    
3410149273443    
3410110191991    
3410137444563    
3540372527549    
3410183873349    
3410151950635    
3420191204116    
3410156620545    
3410135801079    
3840128493119    
3410151551481    
3410192492771    
3410137967339    
3460283638877    
3410126109173    
3120597115595    
3410139693659    
3410148554937    
3410183503615    
3410124927289    
3120505821191    
3410115010357    
3120549779617    
3410338640384    
3410194706034    
3410175033347    
3410157210713    
3410173306715    
3430117550637    
3410107441889    
3230364263829    
3410169416198    
3310320963497    
3410199367364    
3410134996489    
3410147195601    
3410151731533    
3410113437115    
3410120142515    
3410142472583    
3410126141505    
3410108530679    
3410141596443    
3410126815791    
3410134549847    
3310473652163    
3540449193561    
3410182881668    
3410151764191    
3410185087853    
3410138335435    
3410109183201    
3410154003825    
3410135246707    
3410101338007    
3410184193831    
3410238474550    
3410287904788    
3410112245409    
3410152398041    
3450119497712    
3410124451431    
3410122589381    
3520226261021    
3410123444335    
3410123631613    
3410145565461    
3410151426263    
3410110497764    
3410193872251    
3410180729371    
3410124393709    
3410156031529    
3410132318787    
3540142464232    
3540352914111    
3410112807151    
3410172601643    
3540503577623    
3130288603773    
3410126173621    
3310531198277    
3130239599481    
3410193235921    
3410106141513    
3410196822868    
3450180770973    
3410163204869    
3430294371865    
3310221337142    
3410125025409    
3410124855743    
3410107632464    
3310222080106    
3410124664372    
3410140079528    
3410124026113    
3410122754121    
3410139514879    
3410149103783    
3410171942335    
3410156224715    
3410194027855    
3410185916785    
3540191165309    
3540504570349    
3540449916217    
3410124520015    
3410179788271    
3430199962813    
3410124972207    
3410131795253    
3410340897037    
3410146152577    
3410186977429    
3410112960819    
3410126450891    
3450132707585    
3410313292705    
3410129625637    
3410163402981    
4550208590541    
3410109969953    
3410180119517    
3410141361269    
3410162316517    
3410164359661    
3410132051907    
3520116360797    
3410180850979    
3430173214501    
3410124343755    
3410126480063    
3410135981557    
3410125247595    
3410149933183    
3410158252763    
3410223221922    
3410126301041    
3410160440997    
3410164678611    
3410161837113    
3410133525817    
3410138353995    
3410124646427    
3410167511791    
3410110378075    
3410124067425    
3410160297763    
3410126963617    
3410194421343    
3410129586486    
3410195504354    
3410148770163    
3410176055957    
3610389074013    
3410114502995    
3410151372609    
3410186032633    
3420136574244    
3410108483962    
3460180867336    
3410181522380    
3520245279914    
3410173848294    
3410124602852    
3410178210925    
3410124003854    
3410451365284    
3410145604974    
3410120638126    
3420125567590    
3410136557271    
3410183902673    
3410147847202    
3410123061274    
3410187322011    
3410426885048    
3410172231386    
3460201766594    
3410122592500    
3410174109721    
3410122127163    
3410145347551    
3410182909539    
3410150314428    
3410132155460    
3410178393204    
3410168554611    
3410121104472    
3410176788934    
3410154100636    
3410110393794    
3410181428778    
3460240842008    
3730199734962    
3410137645262    
3410153172172    
3740289604728    
3410162640629    
9040101064293    
3520287459774    
3330120590458    
3410157169144    
3410170022493    
3410125824663    
3410123467552    
3410198903638    
3410167737764    
3410143711082    
3410197549737    
3410123839428    
3410125268912    
3410183235526    
3410124831138    
3410162620140    
3410152216364    
3410159968053    
3410134434228    
3410127484452    
3410264143270    
3410149410184    
3410166595650    
3410120347844    
3410176175056    
3410173182448    
3460204251710    
3410129934708    
3410131078247    
3410142569760    
3410187501313    
3410123509854    
3410196802866    
3410178855845    
3410136293486    
3410443825374    
3410132064488    
3410123354618    
3410129709211    
3410184326086    
3410171594274    
3410147422341    
3410125343835    
3410124838171    
3410174535237    
3740582537072    
3410105917070    
3820131460854    
3450134461491    
3410108832692    
3410125521443    
3410102097400    
3410185653836    
3410132426028    
3410197274857    
3410173424296    
3410113639454    
3410212534563    
3410197381625    
3420272641424    
3410192075798    
3410118813552    
3410125586758    
3410176438117    
3410133642751    
3410123265983    
3410193431419    
3410174958036    
3410123688171    
3410156682701    
3440151219343    
3410159896733    
3310428619176    
3410176613986    
3410126813251    
3410179768824    
3410121544576    
3410406352686    
3410182305249    
3410125171495    
3410185033200    
3410127477887    
8130216421546    
3410117280926    
3410138346403    
3410188006051    
3410160894689    
3410166963617    
3460136679536    
3410108885930    
3410157724658    
3410155854927    
3410132529601    
3410105235552    
3410125229851    
3410176263004    
3410134403006    
3410141667393    
3410149971606    
3740541788022    
3410182268566    
3310268370944    
3450119261383    
3410164010474    
3410101213694    
3410141749652    
3410138816058    
3410123839249    
3410136211690    
3410110466012    
3410121370186    
3410150301229    
3410111971350    
3410118641345    
3410117950866    
3410154369561    
3410160705231    
3410166158677    
3410122895967    
3410486079767    
3410160599697    
3410173229057    
3410126499437    
3410196235242    
3410168187052    
3410156365288    
3410150821314    
3410163625042    
3410123980356    
3410148551546    
3410111991610    
3410197188926    
3410190249392    
3410169427284    
3410121597854    
3410175984132    
3240383557192    
3420207968496    
3410152407901    
3410161491804    
3410130500129    
3410175181690    
3460139221470    
3440317797636    
3410173241528    
3410197693998    
3410140611227    
3410135511077    
3410192997325    
3420101795056    
3460405222215    
3460148582702    
3410180368433    
3410129234779    
3410124771927    
3410156941343    
8130254871695    
3410171151925    
3410496846927    
3420108309141    
3410125436754    
3410176564461    
3410148587022    
3410354856421    
3410101274247    
3410114436648    
3420189036869    
3410152396567    
3410110744329    
3410147600888    
3420189363727    
3410104157397    
3460213479676    
3410151365175    
3410166022386    
3460130332797    
3410351822572    
3220225250391    
3410155991198    
3410105872687    
3410119629425    
3410125940051    
3410184150188    
3410185828690    
3410124026712    
3410165065618    
3410124404060    
3410124598848    
3420151002446    
3410428444216    
3470103460000    
3410140301610    
3410198357114    
3410422698864    
3410123371980    
3410144833798    
3410165660573    
3410163761746    
3410177956565    
3410148707862    
3410470680724    
3410135483132    
3410160041818    
3410178791729    
3520249585794    
3310230899866    
3410149935741    
3410124510290    
3410115368473    
3410177445073    
3460114040405    
3410176062840    
3410174933747    
3410139701581    
3410178567015    
3410176605264    
3410177797597    
3410146963428    
3410486718872    
3410112324002    
3410191329248    
3410124822157    
3410196529080    
3410239238857    
3410107065179    
3410124877626    
3410170267942    
3410174918400    
3410156733724    
3410176189617    
3410185253438    
3410145063742    
3410123583226    
3410151938201    
3410282824390    
9030301092451    
3420137795680    
3410133092851    
3410106561290    
3410154529153    
3540507443660    
3410149864268    
3410195802173    
3410124832130    
3410159041915    
3410110506575    
3410125967627    
3410158300820    
3410182473276    
3410150833457    
3410191085507    
3410111261427    
3410190565303    
3410190950675    
3540454707426    
3410196214338    
3410179515795    
3410178381732    
3410136144764    
3410124182361    
3410123847645    
3410101335420    
3410416285357    
3410180541408    
3410463142188    
3410155821854    
3410156704796    
3410142650012    
3410112431053    
3410127138727    
3410171773706    
3410194145954    
3330170277330    
3410174444995    
3460108156227    
3410141718900    
3410190153569    
3410139760066    
3410120354540    
3410167977644    
3410122627216    
3410142759032    
3460228913134    
3410180163224    
3460160446494    
3460190618054    
3410147482960    
3410125227595    
3720115679948    
3420284916989    
3410126276165    
3420112499251    
3410133480536    
3410128807575    
3410123861850    
3410125160879    
3410124513411    
3410169914583    
3410154133815    
3410185935739    
3410123373099    
3410127213581    
3410183917355    
3410107829127    
3410117348761    
3410135263345    
3410133460871    
3410120883395    
3410126239465    
3410114176037    
3410175579939    
3410109255655    
3410138585941    
3410126108127    
3410141078557    
3410169941183    
3410158251781    
3460299552683    
3410188805289    
3410144802483    
3410157218501    
3410118639641    
3410151238119    
3410179135241    
3410116316947    
3410149632339    
3410180297288    
3410177413663    
3410144995573    
3410136364601    
3410142797983    
3410127207529    
3410183918943    
3410118258207    
3410187269501    
3410106708209    
3410175757107    
3410166884281    
3410126474783    
3410158785495    
3410154651915    
3410177535871    
3460145139263    
3410128380231    
3410192462361    
3410391446757    
3410173155689    
3410196814859    
3410126473883    
3410166940853    
3410112199361    
3650150050807    
3410139664875    
3410189928425    
3410144381632    
3410107241363    
3410174657289    
3410169170427    
3410187900843    
3410155686951    
3410194610339    
3410162274517    
3410149719535    
3410122602028    
3410124111239    
3410175271801    
3410135741537    
3410125310287    
4230117017345    
3410177436901    
3410161453373    
3410177461519    
3410150356199    
3410124563055    
3410179018525    
3820112230499    
3410172584827    
3410102924974    
3530216914489    
3410133268561    
3410112509599    
3410151126039    
3410156012485    
3410144816239    
3410199685891    
3410124524379    
3410150017139    
3310083310361    
3410110162911    
3410143850731    
3410180584169    
3410180639331    
3410154907641    
3410116907997    
3410315541721    
3410113210293    
3410122324123    
3410154639463    
3410148931423    
3410160935449    
3410107608654    
3410197895933    
3410116053415    
3410156012675    
3410169197625    
3410171755897    
3410147250619    
3410174280959    
3410188425433    
3410139989803    
3410182287955    
3410139441816    
3410112454551    
3410118525187    
3410126473679    
3410103319101    
3410198146003    
3410108220279    
3410166755095    
3410125587201    
3410182776921    
3410162628597    
3410193607911    
3410157221849    
3410139191319    
3410164390775    
3410169073955    
3410141015684    
3410148660199    
3410124930505    
3410105395405    
3410104879299    
3410162703949    
3410125394611    
3410164405835    
3310088606375    
3410124521839    
3410150529619    
3540415663211    
3460306937786    
3410136799527    
3460247332003    
3610167413441    
3410136953021    
3410124991121    
3410136830687    
3410104787627    
3410190891828    
3410126049743    
3410487494797    
3410151047061    
3410143641117    
3410156748809    
3410174500406    
3410125259795    
3410175729889    
3410196006725    
3410119051593    
3410131523831    
3410145544921    
3410116702857    
3410125441437    
3410145813131    
3540160100545    
3410165348225    
3410154408495    
3410147700873    
3410183518584    
3410133864640    
3410108322785    
3410174650327    
3410103982589    
3410125794751    
3410133354363    
3410176679033    
3410126511281    
3410191604707    
3410117395673    
3410168538591    
3410161455505    
3410121201035    
3410136836593    
3410133984645    
3410172420987    
3410124183033    
3410145654154    
3410114767397    
3410119401828    
3410132193529    
3410123147713    
3410199435753    
3410170867152    
3410165701543    
3410185310509    
3410105276283    
3410130406808    
3520196840833    
3410131458384    
3410186844333    
3410138763329    
3410197195977    
3310003143711    
3410103635465    
3410110598198    
3840322589637    
3410107860331    
3410114650179    
3410137487517    
3410125457421    
3410103233974    
3410138420697    
3410153283805    
3410116785199    
3410175570819    
3410115521778    
3410173217473    
3410151613477    
3410117398105    
3410467492305    
3410185404121    
3410167410841    
3410127131675    
3410128716149    
3410188007277    
3410150902449    
3410165508989    
3410160030630    
3410206024309    
3410135798921    
3410137314067    
3410133496103    
3410107069949    
3410109705985    
3540416164811    
3410126033850    
3410197398889    
3410127299693    
3540490542553    
3410171723337    
3410170506027    
3410190198071    
3410167330561    
3410131588317    
3410169142441    
3410177269478    
3410136120915    
3410114425931    
3410152341083    
3410308508527    
3410326502207    
3410182530679    
3410204661689    
3410150631701    
3410305472793    
3410193305663    
3410151233442    
3410121680341    
3410125850605    
3540507873381    
3410112926949    
3410187938731    
3410194499381    
3410149500527    
3410166043117    
3410130249407    
3410124521775    
4230108821437    
3410129578267    
3410126223239    
3410122523425    
3410120716897    
3410197218563    
3410145375385    
3410106055769    
3410169714556    
3410127093575    
3410175912709    
3410199374507    
3410132825239    
3410104956217    
3410124553751    
3410138796563    
3410126219357    
3410132630353    
3410164061047    
3410118298133    
3410186084751    
3410228919523    
3410188228405    
3410160938855    
3410116443651    
3410125850735    
3410183384763    
3410164589219    
3410125138183    
3410171827343    
3410178952747    
3410124521389    
3410155220311    
3410181928891    
3410192034065    
3410127307355    
3410117229137    
3130428051252    
3410162508155    
3410118581871    
3410126367075    
3410118118029    
3410142460515    
3410130956369    
3410193730007    
3410168848220    
3410125387619    
3840101975309    
3410108301895    
3410257777563    
3410159328457    
3740514052758    
3410156413371    
3310405764987    
3410231207681    
3410179145839    
3410135215779    
3410126239223    
3410129691689    
3410142981953    
3410136700087    
3410126285073    
3410118693403    
3460406155232    
3410182227925    
3410124648411    
3410112792182    
3410144079441    
3410179741125    
3660398959305    
3410141289713    
3410165078247    
3410127143171    
3510268153267    
3410126579123    
3410142106813    
3410167190785    
3540219791687    
3410244063361    
3410107524055    
3410166740053    
3540505189291    
3410164556825    
3410110832493    
3410131253949    
3410116487365    
3410189565879    
3410161455431    
3410453530205    
3410163589569    
3410371342489    
3410138255756    
3540117704058    
3410130998131    
3410124704348    
3410157152926    
3410311015036    
3130160685895    
3410106284184    
3410172754256    
3410141525067    
3410122925987    
3410125047601    
3410170360100    
3410116168954    
3410124716051    
3410110207041    
3410150213603    
3410124825655    
3410168597885    
3410161191643    
3410176975487    
3410196690931    
3410176384412    
3410123151690    
3410180117347    
3410105746507    
3410145603701    
3410193714602    
3230486193195    
3410109696571    
3120192810839    
3410290939544    
3410231491511    
3410163407723    
3410151409761    
3520281483881    
3410126982857    
3410127011561    
3410188036979    
3410171704593    
3410115122889    
3410482007467    
3410104337103    
3410233960377    
3410271676449    
3410182235883    
3410258141311    
3410176766987    
3410168025459    
3410179881765    
3410194797711    
3410117111753    
3410195677297    
3410157839727    
3410130976297    
3540422696229    
3410118506065    
3410163367316    
3410139534001    
3410238781677    
3410118626919    
3410189463591    
3410107573785    
3410154591555    
3410111037631    
3410298219500    
3410198928175    
3410136936925    
3520238550375    
3410119311623    
3430280237393    
3410118927433    
3410102826719    
3410101819833    
3410148632675    
3410122481443    
3410117871095    
3410126296613    
3410186728359    
3410289926983    
3410115315321    
3410295085577    
3410194502405    
3410140846597    
3410177165847    
3410124763547    
3410198963573    
3410205118467    
3410206548431    
3410142017495    
3410110040117    
3410133523135    
3410265340529    
3410149265401    
3410212298771    
3410290295536    
3410134549125    
3410288231253    
3410197884515    
3450120256233    
3410145346122    
3410187090763    
3410124210889    
3410184598567    
3410124480107    
3410111090839    
3410171098787    
3410195217093    
3410187684045    
3410191680935    
3410178709845    
3410108822071    
3410126711939    
3410162540269    
3410146538897    
3410145715380    
3410153644990    
3410277464641    
3410154441743    
3410160732657    
3410180079834    
3540505255325    
3410127215579    
3410195030657    
3430159073232    
3320211868773    
3410166032991    
3410181997687    
3410183954437    
3450238217411    
3410146763779    
3410126353515    
3410106947365    
3410163472135    
3410146179017    
3410161868023    
3430242798955    
3540121639611    
3410162347380    
3460212341095    
3410103781567    
3330119995794    
3410136535060    
3410113848567    
3410131647067    
3410190456839    
3410180906919    
3410182075113    
3410139450853    
3110132242277    
3410198821209    
3410185283237    
3310594728075    
3410113026281    
3540509982394    
3410197019689    
3410172945437    
3410176809679    
3410140538947    
3410132277117    
3110228575237    
3410126714435    
3410129257235    
3660399010461    
3410116678869    
3410115672273    
3410158039183    
3410119552363    
3410107328593    
3410124109403    
3410115971909    
3410126670053    
3410169252659    
3410164774407    
3520114322313    
3410115057279    
3410139746223    
3410175979607    
3410111499817    
3410126674067    
3410206617585    
3410139039983    
3410114140421    
3410170180879    
3410143152447    
3410126379051    
3540503669611    
3410191678651    
3410130643271    
3840215601829    
3840215601861    
3410119457823    
3410134883781    
3410126287923    
3410142285461    
3410165521287    
3410123370027    
4220195188235    
3430117666109    
3410188200555    
3410184844201    
3410159201555    
3410120851899    
3410189888490    
3460206877269    
3410150356137    
3410147217011    
3410138392753    
4220117981057    
3410144886957    
3410118903339    
3410124451717    
3410204335089    
3410126296741    
3410133607925    
3540425595313    
3410150526785    
3410163088119    
3410177927637    
3410138869873    
3410119929037    
3410127215621    
3410109621827    
3410111425827    
3410149619765    
3410101928795    
3410165756069    
3410132118325    
3630245679871    
3410187523249    
3410107674623    
3410125826515    
3520155275713    
3410124037433    
3410160296057    
3410120219787    
3410193972563    
3410171071653    
3410167503186    
3410127341398    
3410125456563    
3410165878607    
3410164496165    
3410104202607    
3410107471809    
3410264119849    
3410131512113    
3410165384602    
3410135593404    
3410191050394    
3410189225359    
3410134847225    
3410187525569    
3410124477987    
3410147549441    
3410107736219    
3410189506505    
3410114444515    
3410131749333    
3410108808071    
3410173661777    
3410150825929    
3410153771061    
3410179431191    
3410125372145    
3410101019895    
3410101709355    
3520193369957    
3520286947499    
3410126326441    
3410102011149    
3410124432457    
3410252495863    
3410124101137    
3410199465317    
3410173919607    
3410188967069    
3410190875427    
3410115141887    
3410182702381    
3410166300393    
3410147712735    
3410157068675    
3410126456255    
3410116710425    
3410135118145    
3830106591717    
3410180109719    
3410193086383    
3410196811499    
3410140629167    
3410173892749    
3410126444909    
3540199918469    
3410126664433    
3410186985683    
3410124489916    
3410125480943    
3410191876149    
3410101256515    
3540186602731    
3410296435345    
3410154517103    
3410138326311    
4550203822551    
3410171142113    
3410187978131    
3410199585837    
3410179888633    
3410192882059    
3410191755047    
3410174309295    
3410105774433    
3410186512619    
9110501006299    
3410280013603    
3410119476131    
3410161225399    
3520264955831    
3410267137519    
3410169577917    
3410182503507    
3410143529705    
3410133339265    
3410199972081    
3410157390433    
3410114517559    
3410115905319    
3410185308211    
3410148591471    
3410176160737    
3410116020125    
3410126296717    
3410153808909    
3410110052953    
3410145090631    
3410262656991    
3550103658403    
3410214801459    
3410194638595    
3450149135417    
3410183179345    
3410101361921    
3520230336275    
3410118317774    
3410144947369    
3410123059569    
3410186662989    
3410169426901    
3410123979243    
3520209787765    
3410193279265    
3840322041677    
3410184465507    
3410204308301    
3410224064589    
3410108842849    
3410174256131    
3410195775769    
3410110673305    
3410183212701    
3410124102041    
3650175692675    
3410124017663    
3410125815647    
3410123285179    
3410163315761    
3410194675527    
3410149103579    
3410290654271    
3540503656207    
3410164635910    
3410183242217    
3410284178573    
3410138964937    
3410204308497    
3410124102546    
3410126327701    
3410175869792    
3410129094605    
3410110178540    
3410199207091    
3410126179003    
3410135435055    
3410126327721    
3410204670965    
3410143780131    
3410198046543    
3410189788981    
3410194688583    
3410193287279    
3410167948903    
3410146596687    
3410127805505    
3410183157887    
3410149485909    
3740638361927    
3410187998559    
3410126982361    
3410126192851    
3410150827928    
3410123366202    
3410155096841    
3410165166237    
3410233739225    
3840310908223    
3410232311711    
3410179304723    
3410149509157    
3410424641387    
3410178406991    
3410423567665    
3410155871329    
3410125313953    
3410116126811    
3410194297995    
3410194381882    
3410104885337    
3460144536707    
3410141129803    
3410412846333    
3410183480259    
3410156254737    
3520194089287    
3320209093523    
3410160108737    
3410122964463    
3410141019973    
3410145894155    
3410110777457    
3410232581791    
3410155621287    
3410124450435    
3410138153629    
3540195997327    
3410195672311    
3410164645207    
3410118971387    
3410190244763    
3410126748403    
3410188602149    
3410192725009    
3410106925065    
3410176629937    
3410116519805    
3410156345439    
3410167269069    
3410171262495    
3410191920197    
3740569728679    
3410182150773    
3410158135247    
3410137883629    
3410125027535    
3410118251463    
3410126839063    
3410295915697    
3410257725825    
3410104148105    
3410199036743    
3410199128252    
3410151326343    
3410138793555    
3410106474291    
3410127308701    
3410188661537    
3410198470625    
3410110052039    
3410104630907    
3410142138255    
3410144453221    
3410151667483    
3410286689436    
3410138124287    
3410107646441    
3410119806277    
3410163741213    
3410139737295    
3410128147807    
3410314983891    
3410158081599    
3410165723813    
3410129462219    
3410184056117    
3410113013211    
3410173632905    
3410142388061    
3410133258863    
3410166144099    
3540464283067    
3410148702235    
3410183593475    
3410132445349    
3410105937821    
3410192889427    
3410132104625    
3410154542871    
3410196596019    
3410154264689    
3410137015797    
3410118235574    
3410127215461    
3410127809493    
3410122966843    
3410139081435    
3410127215243    
3410155103545    
3410149782843    
3410103043839    
3410117839837    
3410141807017    
3410164800459    
3410125037573    
3410165875003    
3410108804525    
3410101468439    
3410124182573    
3410141855321    
3410192367649    
3410194351187    
3410266158645    
3410193227155    
3410295772537    
3410141991957    
3410198863567    
3410126157915    
3410184500035    
3410154917675    
3410113920001    
3410170924379    
3410297732495    
3410113038985    
3840569663013    
3410112315887    
3410193468007    
3410166233345    
3410143762901    
3410101477295    
3540424666191    
3410126674709    
3410125583224    
3410203955975    
3410164240719    
3410187116745    
3410113724933    
3410113385177    
3410114989377    
3410263144069    
3410179863409    
3410152424157    
3410156275115    
3410151236345    
3410190022371    
3410145700097    
3410108798669    
3410133624533    
3410124287883    
3410115442737    
3540165382131    
3410123370093    
3410105960371    
3410143647541    
3410184324901    
3410136025417    
3520262422471    
3410104781119    
3410173161459    
1350453970839    
3410192140777    
3410108060059    
3450181469409    
3410180190989    
3410141404383    
3410180797445    
3410174105279    
3310260031009    
3410150993929    
3410126675989    
3460238797593    
3410126326623    
3410105853189    
3410178491559    
3410125502667    
3410120013149    
3410145613237    
3410165971093    
3410179979191    
3410149179083    
3410164795039    
3410187923809    
3410177086771    
3410127215391    
3530357120718    
3410159740583    
3460264675717    
3520241581571    
3460157360915    
3410140209141    
3740557450862    
3410137186579    
3410199759589    
3410210169223    
3410126326665    
3410329424729    
3410105280911    
3410156782951    
3410133565583    
3410153861571    
3410190423333    
3410141636979    
3410143169479    
3450181554909    
3330128984377    
3410186532835    
3410108588777    
3410144604979    
3410148012441    
3450174937979    
3410142462865    
3410126674049    
3410124895349    
3410173780975    
3410141860587    
3410114658601    
3410252636490    
3410137544415    
3540505921961    
3410129208559    
3410156606807    
3410113761169    
3410101085643    
3410125691471    
3410156318329    
3540145861099    
3410137683373    
3410148373259    
3410116797743    
3410123944141    
3410177289501    
3410158394095    
3410144074861    
3410197229641    
3410191079499    
3320260720929    
3520118979412    
3410289369461    
3410127508059    
3410110281540    
3410147785517    
3410124743881    
3130221224041    
3410227512995    
3410133519669    
3430210957781    
3410202796169    
3410256446879    
3410148083928    
3410124833517    
3410123930149    
3410151679057    
3410102141962    
3410126134771    
3540127150817    
3410152284151    
3410228333265    
3410204101003    
3410150380395    
3410174513359    
3410252569869    
3410193156749    
3410172443401    
3410133147817    
3410156255731    
3410131398245    
3410197508691    
3410196538671    
3410111579601    
3410173283615    
3410185555109    
3410167450519    
3410178459961    
4250153406323    
3520232475223    
3520403663405    
4120453331454    
3520071662713    
3520118666540    
3520225774453    
3520258818491    
3310265791062    
3520112554790    
3520261782064    
3520262457980    
3520015560563    
3520228324792    
3520216406572    
3520256291043    
3520219721088    
3520198189943    
3520277547457    
3520228015493    
3520283263769    
3520014908575    
3520282752599    
3520255195540    
3520261293238    
1310141033756    
3520222908938    
3520269759271    
3520296996987    
3520295655393    
3520189096187    
3520132385454    
3520115552298    
3520223545003    
3520248459281    
3310008792801    
3520224902321    
3660247849945    
3520254616742    
3520015042571    
3520194288693    
3520217406983    
3520226487088    
3520278763301    
3520183741189    
3520253638465    
3520212976209    
3520115991631    
3520136222653    
3520115068868    
3520152621467    
3520233006045    
3520233450263    
5440184640508    
3520215288045    
3520264327420    
3520284549755    
3520222342716    
3520255492027    
3520224830569    
3520294315528    
3520101110755    
3520255424065    
3540436056179    
3520242822107    
3520298446057    
3520164814049    
3520173038416    
3230328445364    
3520251647216    
3520149069280    
3520130868444    
3520190194604    
3520271642710    
4240137505158    
3520286367957    
3520229350130    
3520194216196    
3520266157791    
3520210564013    
3520116424589    
3520191244385    
3520187286304    
3520116424519    
3520141042981    
3520228910073    
3520231814009    
3520115193211    
3520277821922    
3520124592812    
3520113497738    
3520238304053    
3520245657780    
3520106286354    
3520173668961    
3520229615561    
3520263265514    
3520119843707    
3520266041119    
3520180665231    
3520192135550    
3520163727389    
3520286574426    
3520243058805    
3520273192599    
3510287316409    
3520263768222    
3520271215597    
3520234984970    
3520228932257    
3520287924148    
3520112727791    
3520256646105    
3820110781173    
3630490267084    
4230195173249    
3520298667048    
3520266417294    
3410355520436    
3520286078270    
3520151688553    
3520172068252    
3410160671759    
3520226947847    
3520241899177    
3450303679837    
3520212510656    
3520230989645    
3520227596129    
3520157590452    
3520223196063    
3520217073041    
3520142525067    
3520257043257    
3520131894025    
3520276494356    
3520180954063    
3520230095622    
3520285129778    
3520132420583    
3520223790357    
3520217718336    
3520112913276    
3520253381650    
3520298833233    
3520285173455    
3520255268739    
3520115112000    
3520119296313    
3520273934495    
3520232963055    
3520250070626    
3520115822205    
3520213684580    
3520292181909    
3520207630645    
3520242736729    
3520250947760    
3520276445302    
3520269284209    
3520169627031    
3520275666956    
3520151092401    
3520105062845    
3520030434919    
3520277505431    
3520246303765    
3520209940203    
3520262234889    
3520215727109    
3520208560729    
3520263896104    
3520227942602    
3520278583352    
3520248743521    
3520266478735    
3520224384053    
3520219318365    
3520117395673    
3520279099811    
3520249007008    
3520281859462    
3520112801493    
3540483790160    
3520191202496    
3520213449003    
3520250719849    
3520235179990    
3520248273169    
3520255635421    
3520267396036    
3520132429845    
3520298605447    
3520220267003    
3520232017004    
3520194514993    
3520209373734    
3520299558553    
3520106381354    
4540358764659    
3520115198419    
3520298335571    
3520153366918    
3520130338938    
3520275352191    
3520126330665    
3520235655406    
3430213280948    
3520203960043    
3520242551899    
3520208293089    
3520133931303    
3520297326603    
3520289933616    
3520155154670    
3520179019514    
3520112689227    
3520280686677    
3520272690128    
3520223939895    
3520291238739    
3520274229695    
3520208750950    
3520263324742    
3520278372625    
3520202595221    
3520188011406    
3520283369713    
3540107941136    
3520201649952    
3520263654768    
3520197959801    
3520123724210    
3520014836057    
3520218798797    
3520245983639    
3520119209367    
3520101248473    
3520244221964    
3520179218159    
3520160795411    
3630255210508    
3520217054557    
3520218351459    
3520276261137    
3520229792283    
3520205300637    
3520286335806    
3520257965300    
3310068007545    
3620379430203    
3520148866923    
3520208590557    
3520296327909    
3520110908738    
3520287170700    
3520221142046    
1570177178224    
3540190578216    
3520198857222    
3520227722563    
3520210715028    
3520263381543    
3520217971025    
3520101249508    
3520174969057    
3520260306693    
3520080910152    
3520014700290    
3520258086852    
3520255529440    
3110208554207    
3310053548321    
3520272770241    
3520279782650    
3520112349631    
3520014429685    
3520198457601    
3520142018163    
3630204424559    
3520270510131    
3520225685358    
3520051306867    
3520233095185    
3520216782380    
3520185823629    
3520143540222    
3520158340161    
3520250828275    
3610262898701    
3520217917712    
3520202425907    
3520277593167    
3520203262441    
3530184256613    
3520237707511    
3520201250947    
3520210719387    
3520226896995    
3520178587670    
3520115259730    
3520164981175    
3740591865753    
3520013282060    
3520292103891    
3840386046222    
1350306188143    
3520150278823    
3520130501909    
3520224046221    
3520183261709    
3530158915789    
3520267025267    
3320104736065    
3540109465025    
3320153872751    
3520226453925    
3520503618916    
3520222868267    
3520138526083    
3520254288354    
3520225168827    
3520298831441    
3520256635917    
3520227452123    
3520115586052    
3520282459335    
3520268426800    
3520287959238    
3310620507165    
3520204599545    
3520112996910    
3520285993603    
3650220501875    
3520282049331    
3520122298901    
3460211556918    
3520229362209    
3520224011726    
3520168125546    
3630397397943    
3520214381410    
3520224273419    
3720199375128    
3520186055904    
3520238194983    
3520188629858    
3340205871536    
3520286539326    
1310142198774    
3530173257886    
3520163506039    
3520180984533    
3520140704558    
3520150319037    
3520272650146    
3540133012124    
3520228484739    
3630241688962    
3520261711147    
3520207662709    
3520280700904    
3520272293541    
3520191664777    
1310178211585    
3520120634122    
3540371282562    
3520232194667    
3520225464927    
3520198749961    
3630249413578    
3520275116150    
3520227408824    
3520254588780    
3520242463804    
3520137349228    
3520126521603    
3520291229184    
3520269470096    
3520133096805    
3520290060039    
3610244025627    
3520148821219    
3520015172979    
3520198903352    
3540117579486    
3410422974563    
3520252702587    
3520233002614    
3520298399504    
3520289440842    
3510233789992    
3520201832694    
3520223542687    
3520288947522    
3520151903726    
3520284677653    
3520243544807    
3520257249281    
3520202722484    
3520127384594    
3520013989819    
3520169541421    
3520162556503    
3520226783516    
3520112701060    
3520260521398    
3520230834213    
3520253806391    
3520226074250    
3520272382340    
3520193737776    
3520202576780    
3520298414555    
3520227198687    
3520261461454    
3520107060976    
3520141083775    
3520116442469    
3530140698370    
3520211257258    
3520291253097    
3520225686171    
3520247428329    
3520283357647    
3520269406086    
3520208988354    
3520197067794    
3520237996467    
3520014369912    
3630296986176    
3520109167107    
3520221776076    
3520174374958    
3520166529776    
3520162711009    
3520207848917    
3520226645991    
3310076546923    
3660220038536    
3520208659881    
3520191044625    
3520164418039    
3520112179469    
3740549982478    
3520226785512    
3460360441367    
3520204723430    
3520259674487    
3520229761141    
3520156244086    
3520261820749    
3520229077671    
3120251328171    
3520152820767    
3520219770754    
3460382546128    
3520204136023    
3520279042366    
3520298638447    
3440281018390    
4240107452707    
3520147582047    
3520209972736    
3520112064377    
3520226447747    
3520233612271    
3520285940344    
3520230204035    
3520227197914    
3460405953028    
3520136875004    
3520116132760    
3520239573913    
3520223930502    
3520227139751    
3520255775066    
8110156955735    
3120401914413    
3520217015470    
3520218005424    
3520273924342    
3520077781931    
3520291777197    
3520221749809    
3520274713527    
3520256313865    
3520251748848    
3520223185615    
3520216543964    
3520229395668    
3520268812176    
4240163478968    
3520237531851    
3520241745013    
3520112623009    
4540293268227    
3520162206988    
3520221997695    
3520296921379    
3130316873227    
3130392076509    
3520298295140    
3520169556791    
3520298309313    
4540293111859    
3520274142011    
3520238351809    
3520124985789    
4550260702373    
3650284614945    
3520106487603    
3660249550641    
3520121533531    
3520278968977    
3520116665937    
3520249346313    
3520207273345    
3520294362885    
3650279929506    
3520277249738    
3520267268467    
3310603459367    
3520281710107    
3520293274695    
3520238407251    
3520194753064    
3520113439645    
3730122187026    
3520245140256    
3520234866314    
3520228228207    
3520222782891    
3520248093016    
3520257275431    
3520192395252    
3520224759372    
3520181406262    
3520247121484    
3520212680006    
3520251546982    
3660242690361    
3520118396277    
3520260748247    
3520265945932    
3520249090895    
3520285330768    
3520212637091    
3520214911985    
3520133251192    
3520283870443    
3520220058817    
3520263400727    
3520191039140    
3520111462719    
3520167659193    
3520284521407    
3520104484113    
3520104388163    
3660268687407    
3520268392703    
3520224291293    
3520180102567    
3540504099143    
3520244431969    
1310195340867    
3520226856795    
4410394301772    
3520151361926    
3520241855888    
3520243307917    
3520122376419    
3520262847136    
3310272459155    
3410422974497    
3520291641613    
3520237174304    
3520206902027    
3530134508924    
3520249960865    
3410131768620    
3520231064315    
3810375292510    
3520130635870    
3520214223829    
3520230218899    
3520228570671    
3520224138785    
3520015200381    
3520216133232    
3520265427885    
3520269427625    
3520211373179    
3520113635101    
3520014091465    
3310268054605    
3130349546264    
3330170363577    
3520004971369    
3520296482080    
3520015457377    
3520028903941    
3520222372555    
3520174527975    
3520014810061    
3530392631073    
3520106323143    
3120162225154    
3520213500641    
3520291831843    
3520256856824    
3520276066513    
3520184481108    
3660215786352    
3520275572230    
3520107685062    
3520124667349    
3520185265801    
3520263243259    
3660275972716    
3520266749229    
3520014812347    
3310004983537    
3520104891041    
3520257630746    
3520255757171    
3520278068818    
3540403004800    
3310172767998    
3520014022906    
3520277699976    
3540131185606    
3540432667411    
3840487649720    
3520270729002    
3520160659040    
3520224878681    
3520266750779    
3520159733280    
3520224533301    
3640103747184    
3520228944331    
3520285407908    
3520123509008    
3540421894867    
3520244512862    
3520223109855    
3840348950052    
3520113054170    
3520116424525    
3510217942426    
3520154020151    
3520105176846    
3520298114946    
3520152286168    
3520203449429    
3520198671107    
3520125596938    
3410278446322    
3520259843302    
3520210523205    
3520223505824    
3520063171021    
3520131409459    
3520231209017    
3630209792244    
3410125214617    
3450111222555    
3520175463739    
3520299822557    
3520014621107    
3520228116266    
3520259953548    
3520278560287    
3520114947396    
3540168520459    
3520237874679    
3520197411811    
3520015623009    
3520125242220    
3520292829227    
3520276307777    
3520134228863    
3520146349793    
3520278926791    
3620360951417    
3520251633038    
3520213013491    
3520209672732    
3520214971311    
3520245955063    
3520243824113    
3520220282878    
3520272322315    
3520222541945    
3520202207216    
3520242367482    
3520243733160    
3520208994113    
3520214253301    
3520140056465    
3520122373237    
3520192397452    
3540356467331    
3520298251714    
3520258379309    
3520292243156    
3520114683615    
3520172899651    
3520225045588    
3540418631310    
3420185668916    
3520258265181    
3450240247532    
3520222037489    
3520207474978    
3520265573177    
3520222334434    
3520121940922    
3520226659863    
3520253279633    
3520267536052    
3520183785070    
3520137724462    
3520279091436    
3520267794082    
3520014709455    
3520254171768    
3610287122511    
3520241853603    
3520148585449    
3540128139881    
3630216578229    
3520225983898    
3520234611070    
3520242942765    
3520276297348    
3520129425113    
3520279630959    
3520156394216    
3520192803170    
3510197538624    
3520214116806    
3310270911232    
3520216048670    
3520195619908    
3520228441127    
3520215160272    
3520208468635    
3520166763911    
3520209750628    
3520174743364    
3520150416970    
3520273980546    
3520158013021    
3520143953547    
3520224966351    
3540117262707    
3520230297075    
3520274389324    
3520117139424    
3520259738934    
3320236043484    
3520193750407    
3730311467675    
3530176975065    
3510125135185    
3650280858756    
3660275298143    
4220108367054    
3520225616424    
3540425941161    
3520228570813    
3520265009737    
3520245868267    
3520221998822    
3520125605472    
3520237174879    
3310488099653    
3520271356528    
3520131598632    
3520133934406    
