923426238476    
923036496102    
923483900457    
923077788249    
923400716213    
923018967343    
923496249645    
923082844381    
923401722272    
923057674669    
923496245199    
923492877199    
923415048196    
923157070782    
923475824088    
923057947902    
923456854324    
923457637201    
923072076261    
923406507935    
923176114347    
923027527607    
923291311208    
923436255987    
923459698207    
923405460207    
923467567207    
923467142590    
923457061207    
923427408451    
923457049707    
923447428207    
923467556234    
923054780959    
923412956238    
923464898203    
923487655165    
923473632593    
923449146203    
923424794204    
923434831750    
923448727914    
923457061950    
923496554955    
923424456966    
923428724206    
923404865204    
923467540445    
923406508196    
923402465204    
923412312200    
923475923202    
923444712596    
923451656786    
923067693463    
923069880133    
923417830199    
923436832199    
923195637043    
923401168572    
923457486239    
923443937203    
923472845204    
923425985204    
923453070196    
923476534203    
923259611721    
923430296197    
923426443203    
923496249736    
923476764199    
923478768202    
923459329203    
923448717396    
923486319140    
923429772072    
923498778799    
923474886199    
923437167211    
923184723206    
923490541199    
923410147203    
923421202106    
923433379281    
923437689203    
923426043203    
923431956203    
923452154654    
923457058465    
923277648337    
923479478085    
923023678146    
923403731570    
923427374260    
923460168203    
923441175801    
923070103697    
923497856658    
923073864322    
923487883726    
923431805399    
923411835202    
923498355203    
923461685830    
923468544203    
923419248203    
923457976203    
923499345203    
923484108952    
923454530198    
923424463095    
923457497203    
923480865203    
923424462464    
923447566276    
923437552249    
923038898442    
923418256408    
923424155288    
923430770191    
923454637203    
923447544358    
923417619923    
923458336588    
923467556706    
923451626646    
923472046387    
923444591514    
923017004881    
923491611418    
923164831206    
923490729402    
923087264255    
923487026848    
923274813591    
923053015288    
923035632688    
923403014196    
923082142096    
923404732202    
923227102875    
923427155314    
923426883205    
923453426780    
923448579192    
923481865195    
923415233199    
923468380996    
923431660274    
923483811379    
923023482228    
923447557573    
923481438858    
923454590700    
923077728138    
923036985721    
923409018199    
923497192335    
923431416796    
923457039836    
923051093272    
923038540712    
923262108517    
923064146957    
923425781204    
923414297202    
923467059268    
923443599402    
923474781988    
923416419646    
923472330099    
923492663880    
923492125515    
923438741152    
923428843199    
923493629205    
923417426198    
923452291196    
923464940198    
923466119205    
923477942783    
923446852199    
923478577153    
923422637196    
923270553196    
923177050199    
923453678262    
923271156238    
923095816430    
923407056466    
923005817738    
923464883699    
923490210195    
923448726446    
923409759205    
923007118200    
923413784205    
923447382769    
923094771238    
923457673915        
923418517021    
923028905171    
923442268537    
923477168512    
923483882534    
923426273293    
923415650296    
923067178964    
923464066709    
923106457101    
923477210204    
923428795202    
923413994196    
923439066168    
923414405339    
923468839101    
923457161908    
923467532149    
923407312581    
923412287615    
923046485295    
923459750204    
923438886938    
923497106456    
923471848538    
923417538202    
923482963255    
923429865090    
923414284204    
923052344238    
923446337506    
923451754197    
923417314336    
923447406902    
923487914206    
923441888052    
923251296224    
923260206192    
923418265383    
923478944858    
923447382707    
923468854232    
923456854232    
923467130306    
923441176977    
923447369199    
923435204396    
923497187745    
923492441424    
923467547735    
923416485203    
923443822203    
923458739238    
923451657235    
923485499195    
923487756482    
923426056204    
923481547298    
923466647298    
923464358272    
923426270197    
923094695775    
923403467175    
923051411195    
923406442195    
923027239284    
923444642297    
923024148271    
923438601276    
923414328920    
923024912935    
923260405967    
923073391913    
923007670529    
923490649178    
923140739933    
923189410236    
923177191908    
923424571179    
923427209442    
923473040502    
923166603327    
923452119902    
923069638948    
923077850651    
923151703149    
923491610373    
923177106682    
923301680153    
923410147074    
923478206196    
923460031292    
923477250627    
923434885055    
923447114861    
923448699207    
923441967059    
923426199203    
923442557800    
923035643883    
923401072346    
923455790192    
923475032986    
923447262095    
923487913978    
923454932203    
923443236196    
923485836235    
923414187502    
923063947933    
923074252203    
923477561850    
923467192798    
923060549507    
923221694109    
923101420204    
923428746574    
923076623273    
923472563203    
923457049138    
923422923652    
923136986783    
923002023136    
923436260915    
923066165257    
923457064198    
923490655141    
923491212320    
923047089229    
923467208203    
923457062204    
923061976270    
923005918197    
923434832049    
923424155170    
923419658199    
923428792215    
923482199644    
923403507406    
923452419945    
923437400134    
923039346544    
923491610464    
923448685204    
923255935382    
923488758649    
923409623857    
923422770837    
923434577497    
923494393110    
923061622195    
923086538052    
923005569195    
923254155221    
923217820239    
923454721885    
923137114195    
923014267034    
923027240452    
923405119092    
923187366983    
923467556792    
923057523652    
923024120764    
923037310942    
923003556164    
923262781061    
923428712895    
923367119385    
923479685192    
923069107792    
923055825740    
923428536504    
923414187880    
923448235204    
923492406044    
923470473203    
923417059092    
923479243281    
923134109792    
923448350692    
923181414509    
923467544190    
923486339255    
923492053740    
923117524963    
923467528499    
923188097593    
923468446929    
923457704226    
923476158622    
923065366880    
923298146496    
923475290196    
923411175248    
923486319177    
923432317119    
923478580195    
923453836202    
923467037158    
923406363222    
923470869879    
923417195306    
923024667105    
923150173967    
923065071413    
923451636252    
923475663203    
923281702196    
923466567203    
923471801201    
923448838199    
923440864649    
923077538492    
923261785239    
923493326653    
923409024196    
923294224820    
923271128195    
923474734295    
923177050329    
923055654196    
923065453196    
923045768496    
923012847731    
923236236511    
923276323315    
923473489196    
923057993280    
923076605596    
923014506396    
923290325196    
923056698852    
923452330199    
923447407574    
923422897198    
923486334980    
923462091198    
923427390199    
923090140272    
923207560367    
923218973742    
923263982033    
923493037199    
923478057251    
923423716865    
923106470850    
923294332427    
923281091185    
923057163496    
923037051566    
923466167464    
923447513690    
923250918038    
923027429696    
923261587201    
923047873497    
923075363238    
923280097239    
923187367321    
923096547893    
923066185696    
923051034196    
923286674825    
923057342873    
923057900414    
923298529679    
923288944796    
923047987894    
923085199625    
923073239369    
923196286795    
923252197714    
923276512196    
923039361196    
923280088196    
923281667196    
923261681259    
923444985670    
923417016237    
923406692259    
923028928259    
923494105608    
923271968259    
923428886382    
923273654891    
923467556260    
923406451959    
923460858361    
923096533001    
923434455149    
923456847259    
923291968494    
923430301259    
923410062259    
923084564359    
923017531259    
923291717259    
923205758259    
923477914975    
923066259259    
923424613259    
923471415103    
923251010663    
923008652584    
923450490694    
923466184204    
923079611404    
923431847430    
923026547518    
923411174917    
923026193866    
923410147200    
923427727203    
923447273298    
923497253202    
923012580178    
923490086190    
923479037902    
923476169338    
923427426203    
923450596276    
923073996198    
923076652217    
923072803120    
923458299484    
923493020729    
923426092423    
923451612803    
923234103652    
923270828177    
923427197770    
923457959202    
923495403658    
923424843187    
923420411445    
923465652204    
923489061267    
923039651974    
923440358204    
923431167076    
923424564238    
923069584576    
923416149231    
923453231241    
923459136204    
923081351790    
923110798075    
923423575203    
923444764203    
923447432436    
923447424204    
923432483203    
923285822578    
923049185348    
923488344164    
923021148991    
923448301920    
923434514740    
923457062792    
923435866195    
923285168155    
923459649201    
923035723764    
923285577367    
923027056144    
923445145198    
923440145195    
923411624671    
923467209965    
923045569991    
923298041662    
923290671196    
923072913320    
923474510259    
923459877258    
923453832359    
923431601461    
923466099259    
923026637703    
923017848371    
923037450747    
923088126196    
923086206039    
923024362196    
923047754461    
923168760204    
923045027385    
923415393164    
923069365408    
923406434686    
923293363054    
923081238612    
923086016488    
923057903115    
923097331928    
923081163168    
923440227163    
923068668168    
923047419012    
923218906863    
923327108001    
923255705164    
923074830719    
923158641164    
923326884856    
923436958164    
923026008201    
923055388615    
923077675166    
923248260646    
923459828566    
923412045168    
923003563231    
923287190736    
923027841717    
923088667167    
923036912864    
923289396007    
923055337935    
923066763164    
923067460844    
923028157719    
923037201462    
923228891329    
923065094113    
923066667164    
923356943192    
923061664164    
923346164169    
923005755168    
923336965168    
923067755169    
923008760164    
923063334167    
923051525168    
923065376938    
923056862660    
923027825898    
923064858651    
923011955168    
923061787164    
923356017307    
923081768459    
923066504624    
923076505760    
923276817550    
923015994675    
923316886004    
923024885235    
923024632421    
923035044403    
923024618498    
923317983229    
923366549769    
923006768169    
923096357169    
923030205169    
923017840564    
923061664441    
923097332259    
923087351584    
923251877938    
923097332258    
923028518170    
923088342662    
923061154167    
923261282591    
923056945181    
923412738168    
923066085395    
923067006541    
923047517601    
923024586589    
923024048100    
923066760781    
923091669604    
923142545164    
923040473655    
923087533638    
923219460381    
923063850266    
923017841877    
923087696364    
923066333284    
923053034825    
923068031450    
923017848879    
923020079721    
923114065489    
923036131166    
923135402166    
923005191052    
923055656274    
923017851852    
923315207863    
923261179057    
923068611164    
923017586855    
923011064169    
923077417978    
923297981269    
923339529033    
923236355902    
923007864985    
923293366456    
923296526815    
923264815703    
923377855508    
923478586796    
923027515925    
923331685152    
923056987560    
923066502423    
923086824450    
923016963552    
923368686164    
923047241893    
923317500504    
923413455164    
923027838647    
923027062803    
923084823197    
923045543802    
923071878752    
923035106862    
923059441168    
923040702368    
923088765182    
923264759715    
923078765899    
923076502019    
923068011167    
923075447244    
923098356586    
923070004167    
923299468442    
923057521214    
923062829630    
923030598108    
923068735071    
923036875876    
923026092957    
923015153293    
923048603984    
923111581000    
923086074472    
923057829186    
923036597977    
923047247905    
923400505388    
923259177897    
923016017429    
923257238270    
923259177898    
923014996164    
923067006810    
923240959172    
923081278784    
923061043744    
923044317581    
923068734820    
923047043652    
923045058204    
923078663506    
923107867741    
923201834413    
923246817062    
923040718185    
923074808133    
923008764570    
923061307162    
923076012282    
923269684512    
923296674584    
923289396047    
923245366456    
923059240633    
923027446291    
923287355160    
923219728872    
923024355372    
923266167858    
923076502762    
923077214114    
923082928160    
923014818215    
923067569887    
923017072916    
923075364220    
923056853522    
923299124470    
923088168162    
923088667028    
923236883495    
923057318166    
923037280164    
923076534586    
923487701275    
923025677353    
923248261969    
923047404268    
923284789180    
923481742960    
923226183743    
923294765755    
923057120904    
923045048162    
923019289883    
923088768965    
923087794144    
923328065123    
923066321712    
923049964162    
923028763819    
923075546337    
923096281284    
923066469241    
923095493139    
923077712427    
923047275140    
923057658657    
923218417746    
923075442868    
923451637655    
923047388202    
923082486757    
923004030150    
923292393446    
923017840697    
923070079427    
923277355194    
923027844168    
923065371979    
923076500597    
923070703793    
923044179964    
923077654235    
923276386291    
923276387937    
923056836093    
923047382698    
923016681550    
923076530102    
923089233763    
923077479940    
923299517032    
923076502826    
923075365767    
923295506851    
923291513969    
923036135840    
923084644701    
923044583305    
923011472658    
923059846706    
923086953760    
923066769563    
923052120454    
923056936085    
923106395892    
923069266907    
923026158920    
923274206763    
923085817042    
923280676162    
923084238297    
923279491597    
923281796164    
923076768774    
923251806047    
923020495172    
923027355605    
923072236552    
923248141569    
923017848820    
923077789811    
923006763254    
923084023177    
923055506518    
923084886988    
923077784188    
923076504003    
923082260751    
923040132954    
923042712974    
923039383770    
923047159629    
923037232234    
923276140977    
923030785010    
923076767282    
923007391329    
923286387295    
923061152424    
923485796356    
923005201531    
923041350164    
923068807273    
923077475424    
923320791379    
923284303874    
923061892424    
923015145620    
923276388100    
923054184825    
923078762161    
923017642062    
923065251004    
923088668902    
923024329303    
923314698177    
923366940551    
923024690282    
923166858487    
923057404853    
923274195476    
923071580535    
923086062230    
923032934568    
923341433141    
923283757838    
923042713604    
923096558264    
923078032343    
923252668169    
923066321061    
923214472163    
923047209629    
923082263215    
923296073924    
923040978944    
923061282164    
923339534293    
923061177169    
923035666218    
923071768164    
923074636436    
923037253494    
923276827578    
923078761195    
923056851309    
923296636109    
923037445256    
923037464287    
923286387506    
923086145168    
923094390653    
923367464641    
923238240915    
923026978273    
923078662331    
923418425760    
923077746645    
923232068465    
923208813417    
923048900167    
923076501962    
923261605164    
923321693541    
923250704164    
923081381168    
923057831768    
923141638735    
923052454219    
923098293032    
923224386740    
923076812886    
923070591168    
923074726169    
923084854801    
923035657162    
923022489610    
923057798650    
923087538177    
923095985728    
923064764062    
923066935755    
923009412410    
923274193440    
923057917108    
923059868144    
923077845673    
923277221561    
923045544930    
923236354264    
923047228450    
923016595272    
923055956364    
923271619834    
923072274927    
923055957154    
923027462730    
923066962847    
923225496846    
923259177990    
923061444164    
923041896164    
923076099162    
923096290597    
923036450256    
923077763464    
923294765434    
923090525635    
923274194803    
923041403369    
923296822592    
923035125764    
923037430421    
923224400820    
923067725451    
923221086157    
923039254736    
923278707893    
923037785059    
923061017636    
923075229698    
923018077438    
923055449593    
923074857188    
923042942346    
923078120163    
923017981633    
923077432511    
923019297762    
923054608842    
923014983862    
923015233090    
923007399208    
923027398505    
923026972310    
923018794168    
923032591964    
923019298428    
923019298431    
923057903144    
923340634162    
923284789132    
923248260760    
923223260879    
923056629171    
923068669164    
923036136018    
923056751099    
923290272838    
923277356802    
923067468918    
923069554864    
923081613824    
923066321266    
923017499949    
923364433164    
923061353167    
923088665845    
923084026249    
923056584364    
923017646903    
923006764562    
923046837928    
923025225211    
923065025809    
923285199714    
923130625244    
923334580164    
923068665668    
923013047445    
923069511164    
923214281618    
923297343869    
923106760456    
923086205961    
923261644716    
923289488196    
923028652169    
923084236392    
923496430620    
923321695217    
923042257434    
923030875798    
923085155417    
923014716911    
923017797912    
923047226070    
923096104538    
923464097893    
923017690236    
923299124476    
923078663193    
923067161267    
923086962524    
923013265164    
923068472531    
923027143669    
923084166164    
923006769577    
923026760451    
923054666263    
923047305299    
923078760031    
923019202236    
923227633162    
923016968723    
923068763187    
923026330856    
923066767904    
923267344158    
923090674164    
923068765121    
923060739352    
923056549655    
923047560927    
923047418195    
923093162162    
923021581000    
923066439351    
923024171398    
923086503941    
923056880070    
923017609304    
923018763293    
923003543393    
923038273388    
923047493388    
923016781452    
923097102192    
923076534600    
923037442978    
923030076431    
923176555362    
923215978167    
923037456486    
923077013312    
923017197735    
923056764364    
923223261314    
923441455180    
923064809285    
923053344804    
923047895591    
923436483642    
923421668527    
923020170435    
923269174532    
923047356031    
923478478511    
923271190162    
923063389551    
923072393164    
923020052172    
923037712264    
923009354162    
923061689162    
923081701212    
923296822511    
923316081655    
923017586525    
923047240423    
923034089362    
923068766470    
923091567492    
923019139536    
923067464927    
923006392103    
923076582338    
923017481041    
923027588393    
923347423413    
923036780559    
923145921324    
923208701353    
923276141838    
923245363261    
923068810460    
923006463949    
923036475791    
923009191304    
923056288163    
923061212168    
923207129163    
923098707283    
923067840855    
923088765185    
923076343859    
923075114044    
923066762181    
923259680067    
923061330167    
923037445263    
923231726291    
923037383391    
923044486167    
923047246614    
923047417514    
923294765677    
923065973169    
923038528772    
923097753169    
923002148180    
923088768059    
923426382784    
923058515431    
923473688669    
923176794778    
923027781498    
923076343964    
923061573163    
923038597678    
923065016637    
923041241409    
923292393527    
923096214425    
923248261533    
923024834466    
923017849163    
923088763061    
923047568464    
923037739409    
923288119154    
923220201388    
923455997242    
923008761834    
923034269668    
923293623230    
923067846423    
923067712590    
923088660163    
923005431163    
923326917033    
923047242216    
923211079424    
923257561751    
923270410125    
923096290632    
923196968723    
923055973368    
923064874295    
923005768437    
923090583889    
923027364708    
923248260649    
923020170019    
923061737437    
923066760437    
923081555164    
923067359064    
923362136944    
923036480168    
923037447254    
923225361378    
923081477432    
923006741164    
923081384164    
923047659663    
923061977163    
923054118779    
923051632424    
923241988163    
923081708163    
923053328557    
923017841203    
923057207143    
923013285622    
923034977577    
923016845819    
923039192254    
923017641890    
923294765606    
923019202631    
923296822612    
923077845893    
923076761129    
923274087630    
923081641106    
923017866661    
923084854205    
923212688654    
923291042169    
923011370149    
923039611164    
923016777164    
923225492873    
923030154779    
923266862780    
923067787756    
923016009116    
923061051157    
923264839480    
923030543480    
923047679677    
923076502203    
923085106014    
923020688782    
923027305855    
923003647732    
923040711832    
923097823551    
923096489617    
923040532389    
923289027144    
923036647587    
923076578454    
923213873761    
923251016423    
923259178443    
923076301137    
923027028764    
923047153910    
923054807163    
923045027123    
923067769104    
923063788397    
923045825950    
923017093089    
923293367208    
923076507567    
923077471592    
923093136481    
923076507573    
923076689543    
923034978170    
923434048788    
923097296219    
923276387117    
923006764002    
923017644166    
923084533388    
923004270116    
923098707079    
923228285230    
923001555167    
923027557003    
923097118168    
923029641619    
923061650167    
923047387010    
923056585347    
923056763638    
923007087168    
923055096306    
923240943212    
923083939985    
923421100484    
923276810988    
923064873601    
923080255168    
923056965950    
923421669609    
923251914163    
923088408362    
923299469849    
923087351760    
923021610427    
923087425593    
923320780697    
923057903028    
923046320924    
923071519164    
923020045835    
923066072983    
923037440714    
923013843164    
923286079340    
923079298157    
923061264168    
923069364753    
923036542401    
923041351168    
923145930167    
923036491249    
923297434237    
923028764962    
923064754328    
923036487820    
923284310228    
923083836454    
923045048258    
923483476618    
923274198009    
923077601288    
923254929388    
923450426388    
923061340388    
923276386826    
923098357288    
923082555620    
923456307580    
923229835445    
923257930649    
923061282162    
923084239603    
923043280734    
923006469273    
923070164816    
923041391163    
923045635426    
923044714867    
923042181572    
923020756523    
923215489262    
923003736704    
923057903297    
923053018932    
923245368537    
923491927538    
923068668164    
923284302131    
923270278163    
923088753056    
923464935166    
923080817424    
923067626658    
923098625243    
923045027362    
923075442831    
923067006473    
923036417292    
923079368168    
923037380782    
923061627164    
923039273637    
923067222164    
923223883423    
923030733408    
923367256376    
923297981282    
923351051629    
923042890234    
923061714168    
923027442980    
923259177939    
923326279164    
923099022149    
923085408636    
923276141677    
923106764510    
923056602136    
923245195603    
923012955442    
923496438353    
923041739298    
923047767653    
923229835348    
923038533993    
923046327742    
923046828119    
923281218424    
923258529177    
923022683132    
923062729186    
923294765806    
923306747164    
923096556138    
923056580181    
923276817545    
923077848468    
923089230145    
923004085168    
923049964985    
923088685517    
923068871633    
923078954656    
923013319982    
923487335194    
923011096244    
923093773480    
923167940787    
923088761488    
923046184570    
923045501389    
923013208724    
923077841041    
923099242942    
923017859176    
923054819043    
923225365449    
923061929826    
923288119509    
923297981243    
923040963164    
923076761168    
923069265469    
923035124968    
923096305146    
923407040167    
923279493127    
923097236371    
923098293022    
923062705322    
923251969823    
923039129724    
923068518268    
923067510226    
923013274785    
923079233996    
923074791908    
923035952562    
923004064968    
923075466540    
923436185769    
923258499242    
923496421164    
923013604936    
923055900448    
923040079166    
923241537120    
923088700430    
923236458976    
923228890263    
923099180511    
923296822621    
923287353198    
923026333424    
923056847448    
923078762495    
923134775230    
923076768264    
923256334955    
923476257567    
923012188368    
923055654461    
923045048204    
923066864164    
923067471047    
923002957754    
923069366224    
923006763077    
923284310414    
923085414461    
923081902163    
923145459688    
923017846367    
923084302187    
923016967927    
923017099692    
923059846054    
923044695992    
923274201145    
923084192481    
923061212164    
923320780713    
923097332752    
923225365467    
923077829780    
923069172147    
923017403515    
923041575732    
923404424697    
923037713210    
923056939901    
923406869501    
923081994388    
923062529896    
923075200934    
923047054327    
923056771720    
923043223833    
923261721389    
923066321132    
923027806664    
923097103328    
923097331912    
923016028242    
923206713263    
923231993520    
923041575004    
923097320620    
923084973654    
923431309179    
923269684548    
923256334864    
923072549398    
923040398164    
923013815388    
923088683829    
923084262356    
923223262494    
923096590189    
923052190733    
923011079167    
923368674292    
923017837708    
923201834479    
923032018164    
923074682264    
923075471491    
923038522447    
923045137603    
923074402210    
923066210674    
923067428964    
923029877521    
923022877938    
923274198451    
923026765753    
923061437162    
923003501622    
923070302169    
923036373100    
923279492563    
923047074052    
923320796775    
923047419456    
923027825806    
923028845581    
923076532926    
923026768194    
923077129700    
923078886424    
923026769921    
923066761575    
923228332456    
923066761162    
923281365164    
923075219310    
923240575164    
923076767012    
923078660629    
923236459265    
923026872138    
923040753762    
923055900547    
923005807531    
923075090455    
923026747824    
923303769773    
923015676786    
923057176980    
923064580589    
923008762462    
923297980265    
923320793963    
923363095922    
923081055168    
923099955216    
923258390307    
923321695257    
923008768383    
923037448987    
923346164165    
923037459640    
923085734837    
923087032247    
923042164350    
923028689162    
923017842858    
923262614543    
923088597787    
923006019064    
923036650632    
923036777509    
923077872803    
923090807154    
923271067164    
923047008510    
923275012834    
923077677529    
923286625869    
923067161179    
923061510168    
923005287168    
923321683524    
923093527168    
923046804565    
923006896945    
923079767157    
923248178968    
923366172980    
923178969799    
923235337403    
923094496164    
923065626646    
923174482168    
923244906762    
923286889069    
923068695416    
923461937586    
923027902260    
923037431057    
923299124034    
923045502386    
923276828348    
923027826566    
923218719157    
923017646925    
923051110931    
923067002869    
923154981167    
923067769008    
923208068723    
923206714665    
923010027275    
923320784478    
923017482167    
923222257326    
923081662762    
923297434695    
923186083182    
923037456543    
923001122163    
923290805947    
923074525767    
923201840145    
923017843962    
923090231425    
923276388091    
923441169480    
923298933872    
923024282229    
923065378727    
923032950157    
923065535061    
923086320560    
923047414298    
923287354898    
923276388115    
923095350164    
923047242169    
923099806388    
923241084164    
923056548266    
923052530383    
923047895625    
923238243217    
923356200168    
923315181251    
923125258218    
923109126328    
923191737556    
923105257420    
923116459336    
923315589544    
923186597776    
923147039537    
923185846674    
923175056016    
923005247061    
923005235590    
923150540689    
923185755067    
923135285242    
923195733718    
923455416495    
923120528926    
923195868259    
923180540187    
923105310328    
923445945413    
923155138551    
923073443091    
923498785474    
923405386108    
923465158143    
923111502513    
923101505841    
923145276485    
923135001286    
923165438230    
923128686458    
923119590964    
923171502118    
923355098202    
923145292957    
923471050095    
923192199927    
923148433125    
923345360172    
923125666780    
923151583541    
923145077855    
923170968541    
923022175559    
923055661825    
923119620216    
923341105814    
923255802273    
923355496486    
923006073114    
923141581971    
923325343946    
923116916555    
923452529708    
923419090724    
923135839795    
923445401511    
923335742771    
923129966220    
923135385266    
923455309834    
923130114567    
923413262952    
923155283441    
923088949343    
923165277041    
923065975143    
923340560805    
923215194244    
923315404146    
923135964723    
923236575447    
923185383708    
923135694724    
923427277108    
923185969041    
923285279368    
923405402681    
923146876866    
923126008340    
923465965042    
923465369246    
923065207757    
923135097531    
923455408799    
923199614526    
923207045935    
923105085818    
923135311873    
923325243380    
923165661638    
923315495779    
923465132484    
923155486162    
923130023003    
923335440875    
923045932787    
923025001524    
923125440441    
923335593466    
923115694539    
923365143676    
923005127398    
923334723249    
923365069779    
923335169974    
923497774808    
923115059418    
923425511720    
923119578537    
923275524587    
923345175535    
923245112780    
923105205297    
923149304031    
923350520976    
923365301835    
923131505318    
923125219193    
923125244680    
923280592118    
923171504323    
923445248514    
923145387713    
923105363116    
923180155518    
923365265162    
923105264843    
923315057123    
923365596593    
923118075335    
923105938952    
923295239410    
923199817263    
923487991727    
923155226234    
923149360896    
923199590419    
923115098434    
923248541347    
923359108918    
923135452108    
923115304040    
923191388261    
923369408230    
923148928955    
923355707453    
923323877773    
923495395144    
923115010500    
923449528105    
923150528126    
923235232693    
923335949188    
923115458907    
923192267581    
923180467719    
923165111533    
923354564145    
923005060857    
923025412628    
923425291206    
923105847855    
923300366073    
923171826169    
923131888933    
923485225421    
923369750954    
923405153927    
923018125359    
923455442198    
923109126312    
923336193894    
923109126315    
923365021521    
923245730165    
923171365125    
923316978280    
923201581384    
923341528768    
923488280250    
923155295620    
923127719761    
923365100762    
923345327158    
923145367878    
923015084521    
923365031592    
923055563715    
923330520285    
923165757952    
923180113687    
923353422216    
923191385984    
923121867870    
923365236508    
923165101803    
923499179259    
923048979316    
923125126924    
923325629182    
923009142358    
923009841943    
923015822822    
923315222810    
923355023973    
923199907735    
923369428174    
923115957460    
923346793676    
923497885943    
923125484754    
923125404980    
923175027341    
923120054400    
923485961710    
923175224324    
923101015447    
923105899521    
923025989809    
923135495621    
923245040583    
923345367038    
923165679094    
923361599435    
923121528630    
923402999986    
923155351766    
923339377312    
923175446801    
923455036925    
923015019302    
923335327640    
923449469730    
923341514749    
923145685292    
923154353764    
923195224483    
923360974551    
923259515141    
923255424812    
923340558196    
923105640007    
923335378692    
923331496676    
923335651085    
923005507745    
923345422524    
923209625788    
923185672084    
923135340711    
923121571751    
923422677656    
923005505614    
923175631714    
923115880145    
923461938206    
923465469224    
923170174558    
923005564173    
923495127851    
923115095000    
923165134943    
923131511122    
923125660705    
923115969348    
923405402299    
923485559665    
923185790414    
923115147664    
923465313590    
923490540728    
923335197539    
923325240897    
923319047221    
923173055365    
923189122974    
923235685909    
923120547916    
923459639216    
923335582315    
923325596211    
923141805530    
923449449590    
923171789246    
923195224456    
923165799228    
923465626480    
923197737461    
923354909400    
923255941693    
923403418497    
923125024190    
923325934404    
923135080775    
923010541629    
923335357897    
923190993004    
923060321565    
923005351365    
923302613451    
923445729248    
923119025197    
923478925818    
923109210854    
923175664919    
923159954460    
923358022279    
923185068006    
923175580894    
923235173329    
923465511495    
923165440552    
923355001256    
923135324819    
923125387393    
923165175316    
923131511135    
923460114009    
923195334152    
923245486924    
923435866849    
923411893935    
923330513636    
923485548549    
923475604903    
923155347367    
923135113339    
923329707757    
923060447469    
923235277388    
923315037608    
923115114162    
923135205028    
923155747468    
923199202380    
923105671277    
923465469107    
923246488520    
923129204601    
923445816160    
923124256243    
923455363495    
923365297570    
923161992861    
923169320723    
923215813959    
923455232979    
923046202306    
923026703852    
923155272276    
923365324102    
923185020968    
923005398096    
923229904151    
923431435012    
923345248654    
923155019462    
923000578411    
923325370816    
923165576225    
923445315995    
923100571903    
923336319096    
923160909033    
923168451537    
923478196417    
923115293672    
923111540173    
923165996254    
923115720003    
923438102638    
923195533903    
923320595613    
923339365453    
923355114098        
923062900184    
923026499545    
923016697027    
923234090295    
923054015755    
923016113266    
923217255792    
923076445827    
923206471078    
923066821233    
923066692244    
923005299710    
923014930748    
923094731693    
923085396846    
923401367152    
923099095088    
923296016736    
923098602166    
923295575969    
923476455115    
923028193892    
923241735249    
923086656893    
923019652567    
923066418386    
923407226536    
923436123603    
923055928121    
923068421744    
923400497716    
923184688933    
923071464661    
923035160519    
923177247388    
923086614077    
923041283447    
923424457604    
923420354086    
923246721218    
923486288908    
923056178788    
923492203593    
923495440235    
923037414308    
923225572596    
923410067077    
923486530043    
923219626515    
923481401690    
923275074015    
923279894557    
923161765718    
923298113215    
923472808409    
923217150046    
923454104163    
923041852583    
923225868180    
923040407458    
923171753784    
923200475998    
923161006557    
923360434896    
923073914261    
923078576362    
923152551979    
923101249029    
923414523442    
923226457306    
923278599484    
923195075442    
923099125720    
923426479566    
923435428183    
923428476006    
923006490771    
923484574619    
923496258711    
923477310989    
923401631123    
923486101386    
923016697583    
923027758754    
923426835917    
923456235134    
923207905769    
923484313157    
923177195742    
923197629428    
923416573829    
923144125243    
923294128829    
923280446422    
923279985126    
923148767055    
923198603725    
923070600452    
923034474812    
923486273020    
923101744935    
923091975606    
923254433088    
923036826118    
923456635396    
923286520758    
923404843124    
923010635001    
923102356817    
923074143130    
923416807148    
923066121970    
923314915954    
923434945056    
923404183840    
923275953989    
923096018012    
923033590046    
923476718525    
923259167380    
923258032926    
923416211798    
923438583954    
923076250755    
923034711588    
923054069077    
923091710755    
923029846069    
923016622188    
923280187137    
923095865062    
923017106957    
923067743402    
923107799722    
923076333967    
923433456466    
923487656605    
923254290224    
923016420126    
923285635406    
923198907925    
923079557696    
923076429018    
923225933639    
923452271835    
923054901806    
923491418185    
923447172319    
923198569466    
923191768831    
923059906731    
923038803913    
923462646994    
923026327686    
923072331313    
923420170801    
923476774563    
923018803238    
923406736826    
923299548491    
923426148654    
923424647107    
923410702270    
923237205125    
923476360026    
923466260174    
923434781261    
923276434364    
923184811734    
923022238781    
923016680764    
923287143627    
923177296189    
923256055042    
923107797579    
923246042780    
923006412928    
923034664045    
923275982742    
923476084700    
923024880287    
923069454061    
923257556389    
923026461259    
923000054666    
923225580866    
923480078982    
923094897939    
923215324976    
923482629012    
923404581506    
923167115074    
923226034432    
923026150665    
923007470540    
923073847135    
923281677811    
923478464234    
923297148911    
923016463504    
923295576016    
923091851600    
923230719802    
923471658295    
923486273006    
923407721628    
923487163637    
923236850680    
923367643802    
923296277161    
923099114852    
923466131154    
923374814618    
923046003765    
923285635733    
923496059759    
923006482944    
923276271045    
923076260388    
923201852468    
923030984269    
923243928820    
923416205077    
923041760213    
923434131606    
923080240098    
923157659902    
923081591860    
923000650700    
923000650665    
923285003995    
923406023841    
923186164295    
923059905289    
923092928105    
923279875352    
923010613768    
923136068388    
923267475539    
923205980855    
923026434110    
923497799899    
923086481008    
923026406900    
923484928579    
923276434783    
923275297281    
923079557658    
923016673326    
923254483521    
923247447758    
923144611691    
923095639952    
923051635543    
923241769325    
923027521433    
923279952535    
923056301208    
923456615135    
923056232158    
923491667087    
923445844616    
923066478317    
923086434134    
923248689614    
923264762006    
923038353285    
923056250421    
923034529981    
923216434369    
923026607396    
923026336306    
923474866327    
923126477875    
923184689770    
923038354396    
923205905375    
923026661318    
923056531254    
923040705398    
923096418116    
923225585101    
923225986228    
923420618269    
923208509987    
923476803263    
923404590941    
923446494800    
923026459465    
923095847644    
923016411404    
923076330625    
923497687456    
923497271500    
923030006170    
923098825162    
923184500312    
923046153162    
923157632076    
923486056352    
923486662038    
923436032557    
923019810492    
923217084079    
923217436459    
923154796001    
923206063773    
923016652101    
923060949681    
923155517126    
923107140016    
923076464183    
923217457982    
923407478266    
923230178854    
923249108720    
923073003780    
923209569020    
923476226193    
923200476248    
923279117917    
923176568224    
923246179841    
923086568249    
923071959862    
923056281678    
923245675423    
923464539415    
923144613945    
923160765713    
923091935718    
923066477263    
923021184860    
923027960721    
923007408473    
923217124574    
923127388652    
923474289095    
923104663230    
923110790632    
923117625527    
923478726803    
923036020194    
923436206174    
923498362321    
923024217178    
923225630105    
923344070266    
923142768063    
923217081202    
923424295284    
923076415318    
923054459456    
923127432836    
923314503886    
923099401347    
923059905180    
923026636167    
923456478054    
923019742300    
923476583147    
923034237754    
923014548440    
923151470267    
923086305905    
923428430224    
923006452483    
923484163892    
923016647076    
923187332943    
923095123128    
923006177029    
923066637812    
923422580609    
923034513318    
923416588195    
923436002078    
923482456651    
923229683764    
923257675528    
923487412409    
923261818302    
923117625516    
923441264965    
923276278233    
923137617343    
923007476924    
923066100159    
923026260611    
923056201560    
923436143941    
923117615071    
923076628445    
923144600440    
923027756409    
923279363590    
923080045175    
923003505112    
923007425105    
923258603385    
923065258853    
923096144930    
923486037538    
923127203395    
923216433204    
923042555015    
923147000405    
923019720419    
923167613690    
923032182279    
923487305965    
923137638590    
923019724984    
923177452121    
923279329516    
923360138686    
923237435032    
923295381361    
923040615264    
923248767803    
923238750804    
923466324356    
923429678387    
923005260118    
923076481510    
923267968250    
923016416743    
923448427614    
923126065870    
923006182916    
923186268632    
923014715822    
923270223226    
923250012430    
923245953437    
923019172109    
923456681484    
923138023078    
923066149971    
923092978792    
923224513195    
923167655028    
923144540497    
923026361240    
923487133944    
923247444728    
923219613039    
923194331674    
923147080998    
923215882413    
923167729023    
923081242445    
923005177915    
923077314280    
923167231245    
923258822163    
923076424173    
923147089641    
923472625507    
923268819490    
923267906857    
923426909725    
923067314412    
923229613166    
923276472286    
923289116752    
923434486601    
923456719607    
923060631868    
923117740240    
923435320951    
923146551475    
923247582799    
923450686405    
923299623191    
923266412010    
923051180003    
923490145173    
923235268750    
923428400035    
923483651107    
923229613162    
923358489549    
923006458590    
923026403790    
923279693742    
923286231214    
923418389660    
923117401097    
923430759104    
923416642214    
923046348616    
923229683350    
923045309063    
923496594469    
923068127898    
923060631911    
923085179822    
923056201609    
923001460026    
923405943784    
923086210826    
923223174435    
923010072378    
923197613342    
923078823529    
923443842728    
923426499126    
923267503404    
923413732141    
923026361541    
923268819235    
923201074964    
923177858148    
923286249574    
923182489200    
923206273594    
923279324774    
923221787404    
923009450776    
923061107103    
923041467423    
923473026478    
923014964182    
923025323061    
923350468983    
923227432293    
923016282783    
923187332952    
923034133156    
923368778192    
923177917893    
923294613979    
923038952650    
923029603831    
923120647404    
923466736964    
923098522745    
923467442152    
923136839257    
923177366038    
923054224671    
923430709003    
923436030616    
923106453948    
923227050745    
923030830531    
923427598767    
923043477601    
923055400806    
923258858044    
923141651389    
923071368054    
923056675841    
923044908688    
923426070164    
923128927005    
923237044769    
923295368669    
923190473249    
923436127303    
923262896003    
923439412768    
923456507346    
923214845516    
923030625878    
923294453075    
923257161996    
923077579024    
923207277469    
923227783885    
923148646161    
923287166709    
923013171702    
923216492015    
923127255002    
923065988174    
923007491003    
923151760732    
923006177093    
923476000675    
923137851218    
923215295515    
923066413113    
923071639861    
923026695662    
923077097517    
923120775203    
923423329652    
923099961886    
923160078981    
923107278898    
923117735940    
923486441749    
923208507156    
923117622596    
923454681391    
923024014829    
923496629044    
923275918631    
923208520039    
923086528880    
923207804312    
923016601716    
923235823296    
923086671721    
923472912830    
923083847832    
923026678027    
923009642475    
923065411948    
923006411607    
923158343197    
923020622304    
923007466890    
923101749268    
923434406516    
923276435988    
923088476329    
923436040088       
923466410487    
923443485821    
923456249309    
923169011783    
923177265753    
923351721641    
923295340556    
923426219641    
923195926366    
923467398239    
923141781381    
923037707745    
923074096595    
923060638917    
923457094672    
923430227754    
923056014069    
923466185019    
923101744922    
923089476531    
923177265692    
923016300637    
923021432235    
923198827133    
923456597871    
923498680665    
923456533840    
923454521075    
923240729112    
923414707967    
923436283946    
923185734371    
923246028314    
923146854643    
923127743776    
923254744186    
923076171332    
923227421685    
923298763790    
923461668446    
923470052409    
923167434325    
923269661564    
923413543336    
923427936511    
923450402563    
923474751483    
923487243209    
923010077062    
923128931284    
923435069748    
923230793212    
923217726249    
923416381701    
923098447067    
923323811359    
923140774044    
923241770617    
923250151189    
923079568778    
923446100608    
923116125917    
923127696794    
923046932738    
923297148821    
923107322483    
923054899479    
923150423361    
923133563899    
923217543710    
923006247194    
923299665446    
923424326729    
923228853260    
923466134335    
923257166500    
923435593672    
923026301278    
923348364100    
923436037276    
923144626687    
923491134266    
923047224763    
923466626160    
923460407395    
923276428461    
923091839439    
923241735702    
923191830958    
923143318105    
923054948231    
923423561474    
923470341860    
923137411937    
923159568954    
923056214024    
923440810204    
923026453146    
923256870314    
923007799180    
923204771027    
923476311044    
923285282491    
923137248072    
923285149194    
923454921116    
923237402322    
923481475472    
923294396154    
923417970384    
923217401790    
923404184540    
923338267004    
923426039988    
923417986900    
923076444425    
923141781533    
923080285499    
923016685649    
923070633870    
923026672583    
923167998394    
923457737044    
923289926491    
923171747300    
923406413553    
923046150534    
923476290801    
923092976992    
923426085168    
923225572113    
923007435617    
923475090138    
923218080553    
923466437644    
923496143839    
923432765351    
923279551356    
923224664270    
923474703540    
923121797984    
923448214274    
923036594547    
923486704839    
923046974636    
923404087489    
923076459682    
923410469666    
923017022016    
923332657903    
923476127762    
923147000744    
923206203170    
923056890487    
923296015294    
923269477276    
923138842606    
923177856962    
923127514727    
923436794746    
923416351791    
923460401389    
923076284656    
923278742019    
923434810953    
923066231692    
923446273561    
923414846313    
923298269812    
923237939264    
923425975745    
923467740037    
923076494847    
923426050527    
923214698633    
923096048149    
923007295819    
923016240177    
923404184941    
923056909912    
923257973745    
923466023757    
923094832504    
923279040035    
923025206619    
923446114962    
923030982342    
923167370244    
923466163681    
923436958486    
923476121808    
923044426491    
923400060849    
923412494945    
923446099327    
923430778252    
923421847662    
923480439858    
923436220260    
923439270456    
923496255629    
923464407903    
923456617411    
923434127106    
923484212118    
923407295067    
923484088246    
923406645738    
923420853369    
923416835551    
923407924490    
923456469949    
923426144217    
923438735652    
923230761066    
923416310436    
923467358219    
923452450963    
923417277997    
923418588300    
923056206300    
923404384095    
923477865743    
923143031357    
923456465679    
923486020169    
923083306612    
923484993805    
923362435100    
923496224265    
923494311341    
923286251270    
923206096792    
923234755795    
923476302242    
923081130722    
923249751527    
923279709551    
923297149188    
923285952315    
923144129529    
923275765182    
923406121996    
923447056660    
923484095718    
923466847433    
923496037977    
923422660002    
923434474758    
923060615236    
923446647034    
923470144480    
923007494510    
923410701658    
923481502250    
923258875240    
923000064926    
923066629597    
923144209201    
923106511978    
923426107507    
923498634101    
923414249765    
923434810674    
923476858638    
923058475449    
923406237734    
923114680912    
923476028513    
923026383914    
923402211382    
923114006518    
923446220385    
923086462228    
923484544696    
923156528207    
923280232509    
923483346213    
923446053361    
923040695989    
923467350794    
923128924917    
923466777838    
923034579989    
923278343134    
923196615047    
923440654894    
923440853917    
923425282855    
923406797322    
923436629672    
923467965272    
923481402714    
923146299704    
923466028612    
923471341026    
923476157216    
923406237881    
923286286302    
923078254227    
923410621191    
923187941924    
923413974385    
923466781928    
923417187350    
923460484416    
923482133026    
923297161375    
923277749739    
923404914228    
923227421352    
923466444321    
923425626334    
923446113811    
923158564151    
923487243164    
923056126991    
923468649051    
923186230238    
923076440367    
923297395073    
923245952019    
923134003594    
923177960285    
923434387523    
923456524318    
923436106547    
923328611805    
923406098443    
923496009412    
923101038524    
923420756380    
923466131423    
923066675870    
923496946717    
923404264770    
923276428074    
923061408380    
923424309087    
923275251270    
923471733495    
923416423650    
923289926493    
923117477766    
923191885451    
923434820869    
923034575295    
923286520609    
923294486520    
923076404970    
923278733421    
923046158697    
923137178742    
923420453009    
923095135064    
923434894013    
923430464359    
923056533607    
923494838338    
923466266447    
923247905300    
923296276131    
923086070925    
923120513627    
923234082850    
923097409921    
923078468988    
923490456650    
923246054606    
923154996895    
923476631304    
923404581311    
923143033346    
923164601163    
923138109576    
923224675165    
923066601101    
923137478128    
923056281974    
923066452519    
923026617543    
923414645550    
923056205477    
923086450624    
923426143220    
923091043156    
923298336199    
923177397956    
923472003271    
923254482611    
923066424151    
923036187261    
923296925260    
923029883149    
923096474735    
923011116331    
923030842225    
923026528925    
923078359852    
923004258624    
923276451518    
923279626383    
923261408003    
923229260264    
923206342997    
923054961386    
923258075387    
923434149918    
923277751732    
923137510609    
923034554409    
923076624553    
923045748660    
923046145439    
923099697352    
923417823097    
923404252662    
923354424008    
923079934972    
923217358349    
923437175075    
923124369677    
923099204369    
923068046996    
923051635747    
923466285541    
923069170860    
923069244914    
923179640048    
923338261891    
923418145671    
923434390201    
923097384652    
923026212625    
923416308931    
923023095695    
923007016625    
923036714321    
923034112790    
923026222656    
923088729467    
923077169070    
923248797372    
923086606163    
923085723432    
923278749115    
923016299467    
923056670910    
923234908661    
923056285653    
923177237283    
923430611366    
923446018596    
923454433996    
923098870094    
923466164508    
923062839112    
923476843604    
923237574035    
923027991603    
923056079826    
923486079653    
923454096921    
923070637215    
923407791172    
923052295353    
923036262486    
923074184973    
923035622530    
923066468165    
923066672106    
923026604394    
923016657348    
923239297215    
923091691924    
923010070212    
923056674129    
923234434053    
923420637026    
923026660890    
923264874412    
923023142533    
923054614807    
923013172770    
923044318515    
923095903813    
923066457197    
923034961698    
923095885067    
923204879736    
923026497313    
923054556251    
923007471225    
923089477192    
923019654202    
923284228319    
923416204361    
923430611391    
923265201192    
923299547404    
923007441575    
923028351374    
923057264359    
923221752988    
923016618919    
923007792001    
923279348831    
923073396232    
923422504910    
923267961412    
923097383528    
923416017387    
923251488193    
923016470219    
923264382464    
923036994538    
923061132570    
923056519476    
923297162726    
923016642855    
923086179897    
923216458683    
923278507793    
923026652576    
923027977199    
923095884005    
923016650911    
923054746245    
923066192435    
923011295566    
923016614092    
923016657534    
923006126387    
923059027619    
923016360295    
923436090078    
923026306896    
923257565592    
923013179094    
923267157695    
923237713751    
923048159477    
923016698194    
923076281361    
923211168014    
923217114289    
923211633199    
923347962182    
923006183205    
923006287350    
923039562536    
923079013299    
923409233181    
923447498248    
923347960979    
923268799744    
923098310056    
923056251739    
923012422412    
923478366883    
923000937820    
923007495212    
923026473298    
923134120489    
923074468418    
923464139380    
923026406558    
923088658503    
923016901513    
923497324049    
923051624340    
923086601430    
923074416183    
923015385893    
923478149821    
923286521415    
923078325423    
923086906294    
923066468188    
923015865175    
923474591278    
923051632005    
923436040935    
923006273199    
923085708115    
923227239098    
923060999411    
923032710961    
923034943038    
923086336882    
923267650024    
923016408759    
923056984766    
923216142430    
923217444362    
923013665873    
923007467085    
923007421753    
923005817082    
923066432118    
923225569691    
923086201012    
923479220334    
923444018494    
923096137098    
923014018790    
923476818954    
923476284418    
923056213496    
923266497017    
923265102687    
923486077882    
923056695855    
923039499750    
923401043717    
923279349385    
923258844170    
923078456922    
923086435106    
923484347376    
923007519629    
923006478576    
923016167838    
923267157675    
923038049350    
923011230303    
923007473640    
923200964424    
923094611657    
923011390159    
923066400374    
923250647622    
923007490235    
923077050069    
923451254086    
923016675886    
923068416987    
923228268300    
923285961728    
923076861645    
923036802241    
923016658022    
923240993348    
923034794501    
923076436239    
923054299763    
923286237372    
923007444325    
923245294846    
923026145202    
923011907578    
923056088915    
923035624724    
923076261323    
923026089585    
923268799759    
923041890064    
923344403785    
923034612880    
923466138249    
923261536227    
923258321452    
923281165933    
923225638449    
923323328396    
923241775342    
923066364244    
923007458110    
923026222691    
923466949042    
923258079184    
923461471590    
923056670651    
923266281307    
923007791856    
923356600864    
923256510163    
923092998402    
923215798505    
923024413306    
923214878633    
923048957372    
923032274714    
923266497039    
923462496398    
923086098506    
923039340219    
923237717706    
923269419343    
923004705709    
923297162382    
923426147168    
923276451099    
923456254120    
923004222106    
923029469254    
923091043255    
923005188609    
923415709033    
923478568618    
923406274277    
923054213410    
923099788980    
923436029259    
923258033424    
923476074594    
923230642743    
923456229485    
923030949092    
923074146324    
923039349431    
923296331807    
923066604731    
923015459229    
923266497252    
923021620275    
923010069758    
923088722105    
923029784061    
923076408114    
923006465774    
923036854780    
923014747883    
923006525006    
923099058691    
923016368842    
923046909230    
923065997644    
923404294347    
923056539295    
923016601776    
923277567513    
923279323982    
923008720039    
923086450645    
923075608683    
923446129301    
923436067724    
923006411290    
923076104940    
923076175335    
923025567734    
923248605366    
923230775449    
923258033035    
923456594476    
923249741286    
923084101843    
923007472614    
923259626157    
923246036865    
923038022751    
923206798386    
923431616514    
923086403520    
923024991143    
923136465759    
923275921587    
923267198674    
923349714814    
923009841895    
923298036821    
923016430771    
923258850159    
923026329654    
923464336831    
923296331944    
923039815986    
923048252224    
923496117753    
923079627077    
923026647939    
923456215479    
923097710336    
923007426557    
923056209569    
923091457338    
923014681126    
923264874295    
923279118815    
923066604708    
923026385849    
923314364016    
923076176259    
923014088511    
923046246041    
923441113455    
923494943913    
923167917355    
923096011914    
923417069998    
923288107211    
923229640095    
923005883605    
923049392012    
923098893579    
923404767884    
923000395005    
923045048009    
923440570352    
923426156097    
923076431059    
923015877042    
923254018993    
923009105690    
923034540550    
923054943806    
923013095852    
923026696558    
923254885901    
923065516974    
923241765160    
923016628960    
923294532115    
923266243418    
923289617026    
923026253615    
923013182761    
923034617506    
923016406147    
923016649417    
923242231235    
923091582194    
923216451026    
923045703723    
923168564973    
923294601156    
923446468794    
923229632589    
923297162264    
923005876566    
923206830243    
923174301710    
923143536587    
923426161968    
923466357762    
923454497984    
923258850998    
923064455366    
923416065943    
923066436611    
923349913202    
923036718905    
923013088549    
923487083663    
923056269618    
923041602368    
923418167235    
923285632886    
923076627598    
923078855850    
923466010053    
923207408895    
923298026402    
923026400323    
923039467145    
923277727106    
923016405570    
923026403039    
923403745344    
923249750722    
923089229407    
923007490324    
923446091775    
923347960963    
923279349114    
923079549434    
923069282185    
923260560024    
923017914864    
923036034735    
923028350342    
923264874330    
923034565435    
923026456186    
923477504012    
923034530257    
923079550734    
923269460642    
923117663103    
923405365031    
923116478904    
923099205318    
923026494659    
923016482648    
923444042931    
923226496925    
923427988526    
923327456330    
923473051149    
923098251729    
923431480705    
923066672405    
923026706509    
923234749014    
923314619935    
923248785108    
923297162693    
923048343488    
923297324522    
923181142212    
923298335776    
923435262475    
923234751068    
923426814398    
923076489983    
923279000510    
923046124784    
923484240392    
923276425134    
923446062614    
923016613131    
923002044939    
923007122982    
923067890752    
923026451056    
923046247100    
923021614151    
923066335381    
923021615484    
923073028361    
923270985831    
923016409941    
923476116487    
923096006899    
923207408616    
923361659813    
923444896175    
923448417348    
923026456116    
923006463542    
923059296004    
923006404468    
923049685238    
923270952965    
923466036751    
923069278054    
923041645078    
923076974378    
923009449727    
923299680908    
923476802116    
923069137004    
923026471898    
923211699025    
923086215578    
923065715532    
923276476211    
923066628854    
923098253074    
923026612285    
923107623030    
923086193860    
923029779216    
923034512878    
923241765169    
923148796476    
923437851275    
923026495645    
923070680453    
923056016494    
923046901691    
923004711624    
923026489248    
923016414364    
923015628329    
923044211924    
923016879634    
923086556840    
923028026453    
923478087896    
923016695743    
923418337276    
923046179773    
923049719828    
923066477118    
923279398299    
923206795933    
923466651639    
923005324700    
923058235754    
923424190660    
923026693418    
923026524341    
923026416476    
923486105092    
923088038510    
923265100624    
923021615491    
923076338620    
923073395919    
923018980540    
923221546965    
923056013767    
923278749332    
923091662579    
923099049959    
923056088914    
923446566699    
923056524856    
923191762067    
923432179442    
923007490315    
923051635746    
923143947735    
923087769068    
923060623163    
923090152723    
923056245993    
923426377314    
923298556997    
923476201288    
923446020640    
923034656231    
923009014800    
923461508643    
923198690474    
923211670623    
923089376357    
923081616672    
923204516011    
923034553308    
923091839614    
923016607267    
923059773588    
923045950866    
923005168463    
923279749061    
923034190468    
923076499517    
923416034233    
923279901899    
923494150642    
923426142963    
923035787863    
923466120290    
923060741097    
923237917933    
923018644888    
923464687209    
923308316189    
923296392399    
923476746576    
923010018818    
923447165846    
923280229830    
923214544842    
923214257142    
923257533332    
923260787959    
923278891830    
923224178528    
923008461586    
923284774052    
923014395971    
923104582330    
923042329940    
923244926566    
923204340252    
923234197769    
923177225106    
923334428801    
923318697436    
923218826909    
923334312944    
923224088944    
923244884304    
923285111700    
923238472332    
923371411635    
923061322882    
923217147843    
923000406578    
923164653050    
923324389175    
923004731814    
923043532868    
923068491182    
923219439802    
923226712483    
923288017530    
923019688791    
923234641933    
923095063083    
923280068798    
923214095795    
923249460498    
923280791271    
923034214573    
923014574957    
923314093443    
923204049729    
923298289871    
923017805389    
923010458926    
923280880383    
923217273637    
923220121145    
923319884499    
923020442398    
923294563404    
923244874718    
923224432489    
923234239204    
923218142789    
923270485044    
923294405393    
923144580110    
923225331219    
923234040618    
923314702122    
923096945043    
923174354282    
923269423420    
923246631576    
923164075635    
923121179613    
923437352535    
923014775583    
923092017743    
923084063971    
923079951691    
923214181948    
923008300288    
923219328925    
923217273282    
923201436926    
923224589588    
923328383992    
923204322984    
923244321745    
923261388569    
923454388569    
923214607611    
923224416576    
923044819625    
923054986867    
923477845955    
923084042464    
923430213338    
923257571366    
923298754481    
923071370778    
923024747875    
923291225310    
923220442925    
923221516570    
923018183868    
923004678271    
923289820607    
923204135272    
923074037749    
923099116474    
923078082942    
923214907206    
923244629264    
923280372567    
923004053903    
923034097122    
923364962858    
923096961722    
923211046309    
923255505751    
923234729140    
923174898413    
923234460100    
923008864085    
923234684120    
923368796762    
923269438846    
923214648550    
923241492285    
923284394365    
923205421298    
923295300726    
923244415838    
923074250691    
923214094579    
923290833923    
923035867847    
923207680491    
923314900170    
923004628317    
923271552291    
923244422480    
923290545362    
923045175298    
923021092315    
923064213842    
923218879036    
923266257922    
923200452504    
923214426127    
923298847921    
923024735373    
923227016096    
923234740044    
923219950176    
923010110481    
923001184862    
923215170237    
923124162797    
923234408751    
923014805383    
923024076263    
923164700628    
923204030295    
923154183064    
923186139294    
923019343463    
923263346922    
923234930540    
923227076512    
923215344789    
923024177366    
923280069767    
923324687421    
923274029402    
923019716714    
923351694926    
923101515157    
923248438610    
923249484761    
923221164525    
923024880537    
923150006433    
923260624664    
923228014699    
923055776561    
923084771809    
923206869051    
923234970167    
923414733957    
923226906568    
923289148254    
923021410782    
923211046390    
923064797923    
923091464542    
923144367581    
923268593920    
923044708428    
923020440487    
923264063115    
923224703429    
923464567476    
923244213398    
923104200679    
923094245227    
923065167297    
923227079694    
923041088744    
923227259422    
923117396004    
923084463305    
923272372873    
923164001473    
923247437560    
923124626993    
923285916360    
923244135624    
923294564218    
923254647832    
923291435080    
923078848298    
923134849271    
923294149760    
923097024217    
923274074554    
923038973554    
923226048148    
923280029879    
923258893189    
923044700330    
923234593279    
923234563843    
923209423374    
923214666887    
923204344248    
923258081395    
923091420731    
923041540502    
923284366474    
923041433820    
923204477172    
923294006902    
923281903315    
923024480004    
923214579371    
923009423643    
923280575955    
923215164720    
923441825994    
923234447583    
923238240796    
923074580903    
923213579618    
923024014953    
923244481352    
923260106874    
923289121625    
923035146256    
923344023931    
923426657896    
923227758063    
923244766866    
923094184638    
923084134808    
923280490703    
923021430520    
923014824100    
923254090398    
923224585739    
923014543719    
923012314682    
923268676025    
923164816893    
923120460035    
923227772137    
923224930330    
923374016137    
923035166904    
923234306948    
923280982985    
923284140042    
923294563953    
923104392954    
923296544615    
923234193606    
923044201115    
923099133165    
923002428081    
923214328810    
923204413538    
923009424691    
923329424691    
923444141387    
923004753078    
923364807495    
923234792001    
923297531400    
923078852431    
923227202430    
923214360058    
923014479716    
923044077993    
923166293076    
923424814929    
923441869382    
923254871566    
923284586780    
923249457386    
923074627829    
923061406076    
923060456100    
923087778078    
923104005974    
923228022132    
923074472519    
923212520555    
923170070868    
923244316588    
923044539834    
923262829930    
923448917775    
923234924118    
923286627728    
923254266986    
923015742953    
923249455160    
923208489827    
923446969918    
923224531380    
923085971843    
923211300414    
923024260620    
923230113534    
923120811926    
923084649836    
923297242851    
923217132837    
923104329896    
923024745957    
923214893499    
923008023097    
923086183302    
923224173492    
923254930338    
923227598314    
923218354961    
923040015356    
923191600519    
923026310179    
923222292006    
923248825653    
923213485560    
923298849584    
923161416050    
923084272850    
923290885282    
923279862758    
923161442409    
923144254146    
923251266522    
923024867391    
923281069400    
923120462119    
923265942756    
923199362286    
923215837326    
923238430875    
923436664878    
923064177939    
923244732259    
923254690218    
923224820608    
923124328810    
923491468259    
923204882520    
923271827806    
923201058924    
923014068681    
923024896120    
923086974277    
923104326952    
923281631982    
923086276387    
923141621661    
923004755102    
923219450079    
923260944995    
923114260341    
923238407313    
923219452799    
923218702849    
923419824247    
923260138648    
923244145748    
923040498725    
923244696354    
923061426024    
923214888401    
923214646749    
923224570588    
923244750331    
923079198812    
923244245603    
923349873557    
923044604935    
923234610685    
923034330431    
923218847465    
923095203721    
923054468630    
923166042631    
923214862064    
923024577254    
923044812645    
923008099057    
923264246281    
923214195985    
923288069275    
923180421736    
923234710473    
923009406651    
923257046855    
923024404309    
923164072687    
923214596725    
923261545944    
923104161894    
923285975654    
923067405357    
923024515288    
923227773696    
923225602942    
923174095283    
923238473802    
923224199171    
923114099603    
923091458497    
923096578080    
923244004845    
923014004412    
923045639843    
923214766607    
923314503308    
923270419713    
923007157441    
923224049155    
923204709532    
923084339577    
923477206081    
923344647274    
923348091424    
923284025654    
923240505306    
923024834552    
923309268562    
923217293899    
923224072285    
923034343197    
923134820812    
923223878489    
923244003253    
923260039124    
923247933826    
923104322428    
923224276352    
923094165757    
923464605236    
923234833429    
923044542004    
923296261690    
923277702985    
923214081347    
923407972207    
923274676327    
923161593119    
923024772281    
923287068369    
923044567403    
923284478370    
923258897042    
923484587173    
923226002286    
923034459065    
923124384135    
923288146826    
923099674645    
923224052955    
923274058778    
923234101462    
923196766316    
923027154397    
923289317380    
923484817677    
923091422825    
923237160059    
923064215660    
923021433966    
923204340255    
923260204611    
923097576281    
923059559343    
923219460548    
923284586972    
923254394056    
923238418408    
923019084542    
923016201895    
923194681078    
923063047517    
923234521246    
923064992280    
923092917851    
923224698530    
923214352832    
923208462776    
923214942915    
923227984706    
923045074724    
923154680989    
923174031996    
923238496612    
923084303811    
923445799604    
923216622568    
923246829618    
923194040456    
923200515114    
923211129304    
923494715594    
923227638738    
923288535833    
923244639295    
923214812474    
923126732711    
923234848621    
923224470008    
923240018451    
923235254408    
923064639578    
923212711220    
923264116210    
923279433810    
923137082740    
923244525492    
923092612976    
923044540435    
923014490087    
923111622189    
923084748124    
923224250247    
923234236437    
923280952582    
923064409669    
923249435421    
923211270856    
923297579926    
923014028364    
923022408740    
923237530716    
923218311063    
923234166821    
923294150038    
923044737287    
923115174884    
923004168962    
923294404643    
923035613292    
923164290268    
923234045516    
923241014527    
923045174594    
923280199133    
923155697989    
923271959700    
923114132671    
923204598565    
923458330603    
923215952077    
923228550015    
923204064394    
923251065159    
923244900706    
923464596345    
923214023520    
923280171898    
923430411196    
923152513513    
923234323683    
923114013060    
923035601968    
923086813134    
923228703760    
923244751505    
923230075610    
923337435561    
923288543573    
923024764534    
923227628633    
923010406309    
923164285965    
923024850629    
923024276900    
923214849341    
923072898376    
923295520196    
923019085148    
923075743061    
923204844364    
923234618203    
923244602747    
923424176556    
923254981239    
923004240082    
923218804583    
923008804583    
923296280874    
923234180574    
923207281879    
923294635988    
923153389131    
923059381679    
923494376061    
923424168161    
923094672060    
923014897793    
923286958710    
923494625760    
923007230421    
923217276694    
923274047821    
923178709134    
923046163995    
923454791105    
923274798170    
923228005817    
923084331177    
923224980728    
923214576189    
923018229502    
923214498509    
923288095820    
923401714293    
923291012046    
923291889008    
923234189473    
923294178463    
923021948753    
923219579316    
923244102986    
923284840970    
923297700937    
923220436310    
923314403973    
923260614523    
923271881076    
923095492308    
923278018735    
923258043401    
923214309736    
923234262982    
923034139402    
923223027474    
923254753559    
923124297431    
923224763759    
923230485125    
923028031511    
923004580690    
923354925857    
923014488955    
923221966706    
923004517516    
923356548024    
923124719143    
923074121769    
923232050388    
923234074189    
923294774248    
923235851660    
923084324918    
923208199231    
923234081952    
923014464521    
923008897303    
923278861070    
923004969174    
923155290609    
923234740834    
923249412938    
923218529149    
923004283418    
923244811640    
923334419690    
923216588302    
923285975814    
923256805595    
923244627750    
923092059781    
923174628599    
923243091391    
923241429780    
923208609187    
923241478265    
923054792509    
923218833904    
923294465313    
923234113670    
923254271500    
923231453367    
923173031056    
923274676560    
923134167065    
923234703998    
923284376209    
923263551710    
923295309774    
923284151312    
923096559107    
923222028104    
923357124461    
923098897057    
923096562461    
923274048542    
923203439412    
923040902192    
923223299106    
923021464243    
923144075546    
923234211666    
923283161501    
923124740557    
923010115422    
923213414209    
923124728351    
923234114546    
923224378325    
923024602320    
923164740015    
923197115110    
923014160831    
923280763988    
923274798259    
923284757828    
923261742882    
923264524745    
923258169768    
923403802985    
923224241136    
923224803573    
923241638466    
923244436328    
923024834256    
923244397480    
923074402043    
923277218536    
923284435808    
923244727926    
923224615872    
923280399766    
923114752795    
923153255945    
923245522868    
923042830686    
923064271571    
923017982101    
923000465110    
923280787174    
923244354309    
923280479837    
923278058109    
923234273583    
923241688283    
923284017180    
923121493809    
923280171896    
923044116159    
923073608937    
923066918722    
923291432597    
923015833172    